9

FOR 2
x_{1}
1 (1, 2)
y_{1}
1 (1, 2)

FOR 3
x_{2}
1 (1, 2, 3)
y_{2}
1 (1, 2, 3)
x_{1}y_{1}
3 (1, (2, 3))
3 (1, (2, 3))

FOR 4
x_{3}
1 (1, 2, 3, 4)
y_{3}
1 (1, 2, 3, 4)
x_{2}y_{1}
6 (1, 2, (3, 4))
4 (1, (2, 3, 4))
x_{1}y_{2}
6 (1, 2, (3, 4))
4 (1, (2, 3, 4))
x_{1}^{2}y_{1}
12 (1, (2, (3, 4)))
3 ((1, 2), (3, 4))
x_{1}y_{1}^{2}
12 (1, (2, (3, 4)))
3 ((1, 2), (3, 4))

FOR 5
x_{4}
1 (1, 2, 3, 4, 5)
y_{4}
1 (1, 2, 3, 4, 5)
x_{3}y_{1}
10 (1, 2, 3, (4, 5))
5 (1, (2, 3, 4, 5))
x_{1}y_{3}
10 (1, 2, 3, (4, 5))
5 (1, (2, 3, 4, 5))
x_{2}y_{2}
10 (1, 2, (3, 4, 5))
10 (1, 2, (3, 4, 5))
x_{1}x_{2}y_{1}
30 (1, 2, (3, (4, 5)))
20 (1, (2, (3, 4, 5)))
10 ((1, 2), (3, 4, 5))
x_{1}y_{1}y_{2}
30 (1, 2, (3, (4, 5)))
20 (1, (2, (3, 4, 5)))
10 ((1, 2), (3, 4, 5))
x_{2}y_{1}^{2}
15 (1, (2, 3), (4, 5))
30 (1, (2, 3, (4, 5)))
x_{1}^{2}y_{2}
15 (1, (2, 3), (4, 5))
30 (1, (2, 3, (4, 5)))
x_{1}^{2}y_{1}^{2}
60 (1, (2, (3, (4, 5))))
60 (1, (2, (3, (4, 5))))
30 ((1, 2), (3, (4, 5)))
30 ((1, 2), (3, (4, 5)))
x_{1}^{3}y_{1}
15 (1, ((2, 3), (4, 5)))
x_{1}y_{1}^{3}
15 (1, ((2, 3), (4, 5)))

FOR 6
x_{5}
1 (1, 2, 3, 4, 5, 6)
y_{5}
1 (1, 2, 3, 4, 5, 6)
x_{4}y_{1}
15 (1, 2, 3, 4, (5, 6))
6 (1, (2, 3, 4, 5, 6))
x_{1}y_{4}
15 (1, 2, 3, 4, (5, 6))
6 (1, (2, 3, 4, 5, 6))
x_{3}y_{2}
20 (1, 2, 3, (4, 5, 6))
15 (1, 2, (3, 4, 5, 6))
x_{2}y_{3}
20 (1, 2, 3, (4, 5, 6))
15 (1, 2, (3, 4, 5, 6))
x_{1}x_{3}y_{1}
60 (1, 2, 3, (4, (5, 6)))
30 (1, (2, (3, 4, 5, 6)))
15 ((1, 2), (3, 4, 5, 6))
x_{1}y_{1}y_{3}
60 (1, 2, 3, (4, (5, 6)))
30 (1, (2, (3, 4, 5, 6)))
15 ((1, 2), (3, 4, 5, 6))
x_{3}y_{1}^{2}
45 (1, 2, (3, 4), (5, 6))
60 (1, (2, 3, 4, (5, 6)))
x_{1}^{2}y_{3}
45 (1, 2, (3, 4), (5, 6))
60 (1, (2, 3, 4, (5, 6)))
x_{1}x_{2}y_{2}
90 (1, 2, (3, 4, (5, 6)))
60 (1, (2, 3), (4, 5, 6))
60 (1, (2, 3, (4, 5, 6)))
x_{2}y_{1}y_{2}
90 (1, 2, (3, 4, (5, 6)))
60 (1, (2, 3), (4, 5, 6))
60 (1, (2, 3, (4, 5, 6)))
x_{2}^{2}y_{1}
60 (1, 2, (3, (4, 5, 6)))
10 ((1, 2, 3), (4, 5, 6))
x_{1}y_{2}^{2}
60 (1, 2, (3, (4, 5, 6)))
10 ((1, 2, 3), (4, 5, 6))
x_{1}x_{2}y_{1}^{2}
180 (1, 2, (3, (4, (5, 6))))
180 (1, (2, 3), (4, (5, 6)))
180 (1, (2, 3, (4, (5, 6))))
180 (1, (2, (3, 4, (5, 6))))
120 (1, (2, (3, (4, 5, 6))))
90 ((1, 2), (3, 4, (5, 6)))
60 ((1, 2), (3, (4, 5, 6)))
60 ((1, 2, 3), (4, (5, 6)))
x_{1}^{2}y_{1}y_{2}
180 (1, 2, (3, (4, (5, 6))))
180 (1, (2, 3), (4, (5, 6)))
180 (1, (2, 3, (4, (5, 6))))
180 (1, (2, (3, 4, (5, 6))))
120 (1, (2, (3, (4, 5, 6))))
90 ((1, 2), (3, 4, (5, 6)))
60 ((1, 2), (3, (4, 5, 6)))
60 ((1, 2, 3), (4, (5, 6)))
x_{1}^{2}x_{2}y_{1}
45 (1, 2, ((3, 4), (5, 6)))
60 (1, ((2, 3), (4, 5, 6)))
x_{1}y_{1}^{2}y_{2}
45 (1, 2, ((3, 4), (5, 6)))
60 (1, ((2, 3), (4, 5, 6)))
x_{1}^{3}y_{2}
90 (1, (2, (3, 4), (5, 6)))
15 ((1, 2), (3, 4), (5, 6))
x_{2}y_{1}^{3}
90 (1, (2, (3, 4), (5, 6)))
15 ((1, 2), (3, 4), (5, 6))
x_{1}^{3}y_{1}^{2}
360 (1, (2, (3, (4, (5, 6)))))
90 (1, (2, ((3, 4), (5, 6))))
180 (1, ((2, 3), (4, (5, 6))))
180 ((1, 2), (3, (4, (5, 6))))
45 ((1, 2), ((3, 4), (5, 6)))
90 ((1, (2, 3)), (4, (5, 6)))
x_{1}^{2}y_{1}^{3}
360 (1, (2, (3, (4, (5, 6)))))
90 (1, (2, ((3, 4), (5, 6))))
180 (1, ((2, 3), (4, (5, 6))))
180 ((1, 2), (3, (4, (5, 6))))
45 ((1, 2), ((3, 4), (5, 6)))
90 ((1, (2, 3)), (4, (5, 6)))

FOR 7
x_{6}
1 (1, 2, 3, 4, 5, 6, 7)
y_{6}
1 (1, 2, 3, 4, 5, 6, 7)
x_{5}y_{1}
21 (1, 2, 3, 4, 5, (6, 7))
7 (1, (2, 3, 4, 5, 6, 7))
x_{1}y_{5}
21 (1, 2, 3, 4, 5, (6, 7))
7 (1, (2, 3, 4, 5, 6, 7))
x_{4}y_{2}
35 (1, 2, 3, 4, (5, 6, 7))
21 (1, 2, (3, 4, 5, 6, 7))
x_{2}y_{4}
35 (1, 2, 3, 4, (5, 6, 7))
21 (1, 2, (3, 4, 5, 6, 7))
x_{1}x_{4}y_{1}
105 (1, 2, 3, 4, (5, (6, 7)))
42 (1, (2, (3, 4, 5, 6, 7)))
21 ((1, 2), (3, 4, 5, 6, 7))
x_{1}y_{1}y_{4}
105 (1, 2, 3, 4, (5, (6, 7)))
42 (1, (2, (3, 4, 5, 6, 7)))
21 ((1, 2), (3, 4, 5, 6, 7))
x_{4}y_{1}^{2}
105 (1, 2, 3, (4, 5), (6, 7))
105 (1, (2, 3, 4, 5, (6, 7)))
x_{1}^{2}y_{4}
105 (1, 2, 3, (4, 5), (6, 7))
105 (1, (2, 3, 4, 5, (6, 7)))
x_{3}y_{3}
35 (1, 2, 3, (4, 5, 6, 7))
35 (1, 2, 3, (4, 5, 6, 7))
x_{1}x_{3}y_{2}
210 (1, 2, 3, (4, 5, (6, 7)))
105 (1, (2, 3), (4, 5, 6, 7))
105 (1, (2, 3, (4, 5, 6, 7)))
x_{2}y_{1}y_{3}
210 (1, 2, 3, (4, 5, (6, 7)))
105 (1, (2, 3), (4, 5, 6, 7))
105 (1, (2, 3, (4, 5, 6, 7)))
x_{2}x_{3}y_{1}
140 (1, 2, 3, (4, (5, 6, 7)))
105 (1, 2, (3, (4, 5, 6, 7)))
35 ((1, 2, 3), (4, 5, 6, 7))
x_{1}y_{2}y_{3}
140 (1, 2, 3, (4, (5, 6, 7)))
105 (1, 2, (3, (4, 5, 6, 7)))
35 ((1, 2, 3), (4, 5, 6, 7))
x_{1}x_{3}y_{1}^{2}
420 (1, 2, 3, (4, (5, (6, 7))))
630 (1, 2, (3, 4), (5, (6, 7)))
420 (1, (2, 3, 4, (5, (6, 7))))
420 (1, (2, (3, 4, 5, (6, 7))))
210 (1, (2, (3, (4, 5, 6, 7))))
210 ((1, 2), (3, 4, 5, (6, 7)))
105 ((1, 2), (3, (4, 5, 6, 7)))
105 ((1, 2, 3, 4), (5, (6, 7)))
x_{1}^{2}y_{1}y_{3}
420 (1, 2, 3, (4, (5, (6, 7))))
630 (1, 2, (3, 4), (5, (6, 7)))
420 (1, (2, 3, 4, (5, (6, 7))))
420 (1, (2, (3, 4, 5, (6, 7))))
210 (1, (2, (3, (4, 5, 6, 7))))
210 ((1, 2), (3, 4, 5, (6, 7)))
105 ((1, 2), (3, (4, 5, 6, 7)))
105 ((1, 2, 3, 4), (5, (6, 7)))
x_{1}^{2}x_{3}y_{1}
105 (1, 2, 3, ((4, 5), (6, 7)))
105 (1, ((2, 3), (4, 5, 6, 7)))
x_{1}y_{1}^{2}y_{3}
105 (1, 2, 3, ((4, 5), (6, 7)))
105 (1, ((2, 3), (4, 5, 6, 7)))
x_{3}y_{1}y_{2}
210 (1, 2, (3, 4), (5, 6, 7))
210 (1, 2, (3, 4, 5, (6, 7)))
140 (1, (2, 3, 4, (5, 6, 7)))
x_{1}x_{2}y_{3}
210 (1, 2, (3, 4), (5, 6, 7))
210 (1, 2, (3, 4, 5, (6, 7)))
140 (1, (2, 3, 4, (5, 6, 7)))
x_{2}^{2}y_{2}
210 (1, 2, (3, 4, (5, 6, 7)))
70 (1, (2, 3, 4), (5, 6, 7))
x_{2}y_{2}^{2}
210 (1, 2, (3, 4, (5, 6, 7)))
70 (1, (2, 3, 4), (5, 6, 7))
x_{1}x_{2}y_{1}y_{2}
630 (1, 2, (3, 4, (5, (6, 7))))
630 (1, 2, (3, 4, (5, (6, 7))))
420 (1, 2, (3, (4, (5, 6, 7))))
420 (1, 2, (3, (4, (5, 6, 7))))
630 (1, (2, 3), (4, 5, (6, 7)))
630 (1, (2, 3), (4, 5, (6, 7)))
420 (1, (2, 3, 4), (5, (6, 7)))
420 (1, (2, 3, 4), (5, (6, 7)))
630 (1, (2, 3, (4, 5, (6, 7))))
630 (1, (2, 3, (4, 5, (6, 7))))
420 (1, (2, (3, 4, (5, 6, 7))))
420 (1, (2, (3, 4, (5, 6, 7))))
210 ((1, 2), (3, 4, (5, 6, 7)))
210 ((1, 2), (3, 4, (5, 6, 7)))
140 ((1, 2, 3), (4, (5, 6, 7)))
140 ((1, 2, 3), (4, (5, 6, 7)))
x_{1}^{2}x_{2}y_{2}
315 (1, 2, (3, (4, 5), (6, 7)))
420 (1, (2, (3, 4), (5, 6, 7)))
105 ((1, 2), (3, 4), (5, 6, 7))
x_{2}y_{1}^{2}y_{2}
315 (1, 2, (3, (4, 5), (6, 7)))
420 (1, (2, (3, 4), (5, 6, 7)))
105 ((1, 2), (3, 4), (5, 6, 7))
x_{2}^{2}y_{1}^{2}
630 (1, 2, (3, (4, 5, (6, 7))))
420 (1, (2, 3), (4, (5, 6, 7)))
420 (1, (2, 3, (4, (5, 6, 7))))
210 ((1, 2, 3), (4, 5, (6, 7)))
x_{1}^{2}y_{2}^{2}
630 (1, 2, (3, (4, 5, (6, 7))))
420 (1, (2, 3), (4, (5, 6, 7)))
420 (1, (2, 3, (4, (5, 6, 7))))
210 ((1, 2, 3), (4, 5, (6, 7)))
x_{1}^{2}x_{2}y_{1}^{2}
1260 (1, 2, (3, (4, (5, (6, 7)))))
630 (1, 2, ((3, 4), (5, (6, 7))))
315 (1, (2, 3), ((4, 5), (6, 7)))
315 (1, (2, 3, ((4, 5), (6, 7))))
630 (1, (2, (3, 4)), (5, (6, 7)))
1260 (1, (2, (3, 4, (5, (6, 7)))))
840 (1, (2, (3, (4, (5, 6, 7)))))
420 (1, (2, ((3, 4), (5, 6, 7))))
630 (1, ((2, 3), (4, 5, (6, 7))))
420 (1, ((2, 3, 4), (5, (6, 7))))
630 ((1, 2), (3, 4, (5, (6, 7))))
420 ((1, 2), (3, (4, (5, 6, 7))))
210 ((1, 2), ((3, 4), (5, 6, 7)))
420 ((1, 2, 3), (4, (5, (6, 7))))
420 ((1, (2, 3)), (4, (5, 6, 7)))
x_{1}^{2}y_{1}^{2}y_{2}
1260 (1, 2, (3, (4, (5, (6, 7)))))
630 (1, 2, ((3, 4), (5, (6, 7))))
315 (1, (2, 3), ((4, 5), (6, 7)))
315 (1, (2, 3, ((4, 5), (6, 7))))
630 (1, (2, (3, 4)), (5, (6, 7)))
1260 (1, (2, (3, 4, (5, (6, 7)))))
840 (1, (2, (3, (4, (5, 6, 7)))))
420 (1, (2, ((3, 4), (5, 6, 7))))
630 (1, ((2, 3), (4, 5, (6, 7))))
420 (1, ((2, 3, 4), (5, (6, 7))))
630 ((1, 2), (3, 4, (5, (6, 7))))
420 ((1, 2), (3, (4, (5, 6, 7))))
210 ((1, 2), ((3, 4), (5, 6, 7)))
420 ((1, 2, 3), (4, (5, (6, 7))))
420 ((1, (2, 3)), (4, (5, 6, 7)))
x_{1}x_{2}y_{1}^{3}
315 (1, 2, (3, ((4, 5), (6, 7))))
1260 (1, (2, 3), (4, (5, (6, 7))))
1260 (1, (2, 3, (4, (5, (6, 7)))))
1260 (1, (2, (3, 4), (5, (6, 7))))
630 (1, (2, (3, (4, 5), (6, 7))))
1260 (1, (2, (3, (4, 5, (6, 7)))))
420 (1, ((2, 3), (4, (5, 6, 7))))
315 ((1, 2), (3, 4), (5, (6, 7)))
315 ((1, 2), (3, (4, 5), (6, 7)))
630 ((1, 2), (3, (4, 5, (6, 7))))
105 ((1, 2, 3), ((4, 5), (6, 7)))
630 ((1, 2, (3, 4)), (5, (6, 7)))
x_{1}^{3}y_{1}y_{2}
315 (1, 2, (3, ((4, 5), (6, 7))))
1260 (1, (2, 3), (4, (5, (6, 7))))
1260 (1, (2, 3, (4, (5, (6, 7)))))
1260 (1, (2, (3, 4), (5, (6, 7))))
630 (1, (2, (3, (4, 5), (6, 7))))
1260 (1, (2, (3, (4, 5, (6, 7)))))
420 (1, ((2, 3), (4, (5, 6, 7))))
315 ((1, 2), (3, 4), (5, (6, 7)))
315 ((1, 2), (3, (4, 5), (6, 7)))
630 ((1, 2), (3, (4, 5, (6, 7))))
105 ((1, 2, 3), ((4, 5), (6, 7)))
630 ((1, 2, (3, 4)), (5, (6, 7)))
x_{1}x_{2}^{2}y_{1}
210 (1, 2, ((3, 4), (5, 6, 7)))
70 (1, ((2, 3, 4), (5, 6, 7)))
x_{1}y_{1}y_{2}^{2}
210 (1, 2, ((3, 4), (5, 6, 7)))
70 (1, ((2, 3, 4), (5, 6, 7)))
x_{3}y_{1}^{3}
105 (1, (2, 3), (4, 5), (6, 7))
315 (1, (2, 3, (4, 5), (6, 7)))
x_{1}^{3}y_{3}
105 (1, (2, 3), (4, 5), (6, 7))
315 (1, (2, 3, (4, 5), (6, 7)))
x_{1}^{3}y_{1}^{3}
2520 (1, (2, (3, (4, (5, (6, 7))))))
2520 (1, (2, (3, (4, (5, (6, 7))))))
1260 (1, (2, ((3, 4), (5, (6, 7)))))
1260 (1, (2, ((3, 4), (5, (6, 7)))))
315 (1, ((2, 3), ((4, 5), (6, 7))))
315 (1, ((2, 3), ((4, 5), (6, 7))))
630 (1, ((2, (3, 4)), (5, (6, 7))))
630 (1, ((2, (3, 4)), (5, (6, 7))))
1260 ((1, 2), (3, (4, (5, (6, 7)))))
1260 ((1, 2), (3, (4, (5, (6, 7)))))
630 ((1, 2), ((3, 4), (5, (6, 7))))
630 ((1, 2), ((3, 4), (5, (6, 7))))
1260 ((1, (2, 3)), (4, (5, (6, 7))))
1260 ((1, (2, 3)), (4, (5, (6, 7))))
x_{1}^{4}y_{1}^{2}
630 (1, (2, (3, ((4, 5), (6, 7)))))
1260 (1, ((2, 3), (4, (5, (6, 7)))))
315 ((1, 2), (3, ((4, 5), (6, 7))))
315 ((1, (2, 3)), ((4, 5), (6, 7)))
x_{1}^{2}y_{1}^{4}
630 (1, (2, (3, ((4, 5), (6, 7)))))
1260 (1, ((2, 3), (4, (5, (6, 7)))))
315 ((1, 2), (3, ((4, 5), (6, 7))))
315 ((1, (2, 3)), ((4, 5), (6, 7)))
x_{1}^{4}y_{2}
105 (1, ((2, 3), (4, 5), (6, 7)))
x_{2}y_{1}^{4}
105 (1, ((2, 3), (4, 5), (6, 7)))

FOR 8
x_{7}
1 (1, 2, 3, 4, 5, 6, 7, 8)
y_{7}
1 (1, 2, 3, 4, 5, 6, 7, 8)
x_{6}y_{1}
28 (1, 2, 3, 4, 5, 6, (7, 8))
8 (1, (2, 3, 4, 5, 6, 7, 8))
x_{1}y_{6}
28 (1, 2, 3, 4, 5, 6, (7, 8))
8 (1, (2, 3, 4, 5, 6, 7, 8))
x_{5}y_{2}
56 (1, 2, 3, 4, 5, (6, 7, 8))
28 (1, 2, (3, 4, 5, 6, 7, 8))
x_{2}y_{5}
56 (1, 2, 3, 4, 5, (6, 7, 8))
28 (1, 2, (3, 4, 5, 6, 7, 8))
x_{1}x_{5}y_{1}
168 (1, 2, 3, 4, 5, (6, (7, 8)))
56 (1, (2, (3, 4, 5, 6, 7, 8)))
28 ((1, 2), (3, 4, 5, 6, 7, 8))
x_{1}y_{1}y_{5}
168 (1, 2, 3, 4, 5, (6, (7, 8)))
56 (1, (2, (3, 4, 5, 6, 7, 8)))
28 ((1, 2), (3, 4, 5, 6, 7, 8))
x_{5}y_{1}^{2}
210 (1, 2, 3, 4, (5, 6), (7, 8))
168 (1, (2, 3, 4, 5, 6, (7, 8)))
x_{1}^{2}y_{5}
210 (1, 2, 3, 4, (5, 6), (7, 8))
168 (1, (2, 3, 4, 5, 6, (7, 8)))
x_{4}y_{3}
70 (1, 2, 3, 4, (5, 6, 7, 8))
56 (1, 2, 3, (4, 5, 6, 7, 8))
x_{3}y_{4}
70 (1, 2, 3, 4, (5, 6, 7, 8))
56 (1, 2, 3, (4, 5, 6, 7, 8))
x_{1}x_{4}y_{2}
420 (1, 2, 3, 4, (5, 6, (7, 8)))
168 (1, (2, 3), (4, 5, 6, 7, 8))
168 (1, (2, 3, (4, 5, 6, 7, 8)))
x_{2}y_{1}y_{4}
420 (1, 2, 3, 4, (5, 6, (7, 8)))
168 (1, (2, 3), (4, 5, 6, 7, 8))
168 (1, (2, 3, (4, 5, 6, 7, 8)))
x_{2}x_{4}y_{1}
280 (1, 2, 3, 4, (5, (6, 7, 8)))
168 (1, 2, (3, (4, 5, 6, 7, 8)))
56 ((1, 2, 3), (4, 5, 6, 7, 8))
x_{1}y_{2}y_{4}
280 (1, 2, 3, 4, (5, (6, 7, 8)))
168 (1, 2, (3, (4, 5, 6, 7, 8)))
56 ((1, 2, 3), (4, 5, 6, 7, 8))
x_{1}x_{4}y_{1}^{2}
840 (1, 2, 3, 4, (5, (6, (7, 8))))
1680 (1, 2, 3, (4, 5), (6, (7, 8)))
840 (1, (2, 3, 4, 5, (6, (7, 8))))
840 (1, (2, (3, 4, 5, 6, (7, 8))))
336 (1, (2, (3, (4, 5, 6, 7, 8))))
420 ((1, 2), (3, 4, 5, 6, (7, 8)))
168 ((1, 2), (3, (4, 5, 6, 7, 8)))
168 ((1, 2, 3, 4, 5), (6, (7, 8)))
x_{1}^{2}y_{1}y_{4}
840 (1, 2, 3, 4, (5, (6, (7, 8))))
1680 (1, 2, 3, (4, 5), (6, (7, 8)))
840 (1, (2, 3, 4, 5, (6, (7, 8))))
840 (1, (2, (3, 4, 5, 6, (7, 8))))
336 (1, (2, (3, (4, 5, 6, 7, 8))))
420 ((1, 2), (3, 4, 5, 6, (7, 8)))
168 ((1, 2), (3, (4, 5, 6, 7, 8)))
168 ((1, 2, 3, 4, 5), (6, (7, 8)))
x_{1}^{2}x_{4}y_{1}
210 (1, 2, 3, 4, ((5, 6), (7, 8)))
168 (1, ((2, 3), (4, 5, 6, 7, 8)))
x_{1}y_{1}^{2}y_{4}
210 (1, 2, 3, 4, ((5, 6), (7, 8)))
168 (1, ((2, 3), (4, 5, 6, 7, 8)))
x_{4}y_{1}y_{2}
560 (1, 2, 3, (4, 5), (6, 7, 8))
420 (1, 2, (3, 4, 5, 6, (7, 8)))
280 (1, (2, 3, 4, 5, (6, 7, 8)))
x_{1}x_{2}y_{4}
560 (1, 2, 3, (4, 5), (6, 7, 8))
420 (1, 2, (3, 4, 5, 6, (7, 8)))
280 (1, (2, 3, 4, 5, (6, 7, 8)))
x_{1}x_{3}y_{3}
560 (1, 2, 3, (4, 5, 6, (7, 8)))
420 (1, 2, (3, 4), (5, 6, 7, 8))
280 (1, (2, 3, 4, (5, 6, 7, 8)))
x_{3}y_{1}y_{3}
560 (1, 2, 3, (4, 5, 6, (7, 8)))
420 (1, 2, (3, 4), (5, 6, 7, 8))
280 (1, (2, 3, 4, (5, 6, 7, 8)))
x_{2}x_{3}y_{2}
560 (1, 2, 3, (4, 5, (6, 7, 8)))
420 (1, 2, (3, 4, (5, 6, 7, 8)))
280 (1, (2, 3, 4), (5, 6, 7, 8))
x_{2}y_{2}y_{3}
560 (1, 2, 3, (4, 5, (6, 7, 8)))
420 (1, 2, (3, 4, (5, 6, 7, 8)))
280 (1, (2, 3, 4), (5, 6, 7, 8))
x_{1}x_{3}y_{1}y_{2}
1680 (1, 2, 3, (4, 5, (6, (7, 8))))
1120 (1, 2, 3, (4, (5, (6, 7, 8))))
2520 (1, 2, (3, 4), (5, 6, (7, 8)))
1680 (1, 2, (3, 4, 5), (6, (7, 8)))
1680 (1, 2, (3, 4, 5, (6, (7, 8))))
840 (1, 2, (3, (4, (5, 6, 7, 8))))
1680 (1, (2, 3), (4, 5, 6, (7, 8)))
840 (1, (2, 3, 4, 5), (6, (7, 8)))
1680 (1, (2, 3, 4, (5, 6, (7, 8))))
1680 (1, (2, 3, (4, 5, 6, (7, 8))))
1120 (1, (2, (3, 4, 5, (6, 7, 8))))
840 (1, (2, (3, 4, (5, 6, 7, 8))))
560 ((1, 2), (3, 4, 5, (6, 7, 8)))
420 ((1, 2), (3, 4, (5, 6, 7, 8)))
280 ((1, 2, 3), (4, (5, 6, 7, 8)))
280 ((1, 2, 3, 4), (5, (6, 7, 8)))
x_{1}x_{2}y_{1}y_{3}
1680 (1, 2, 3, (4, 5, (6, (7, 8))))
1120 (1, 2, 3, (4, (5, (6, 7, 8))))
2520 (1, 2, (3, 4), (5, 6, (7, 8)))
1680 (1, 2, (3, 4, 5), (6, (7, 8)))
1680 (1, 2, (3, 4, 5, (6, (7, 8))))
840 (1, 2, (3, (4, (5, 6, 7, 8))))
1680 (1, (2, 3), (4, 5, 6, (7, 8)))
840 (1, (2, 3, 4, 5), (6, (7, 8)))
1680 (1, (2, 3, 4, (5, 6, (7, 8))))
1680 (1, (2, 3, (4, 5, 6, (7, 8))))
1120 (1, (2, (3, 4, 5, (6, 7, 8))))
840 (1, (2, (3, 4, (5, 6, 7, 8))))
560 ((1, 2), (3, 4, 5, (6, 7, 8)))
420 ((1, 2), (3, 4, (5, 6, 7, 8)))
280 ((1, 2, 3), (4, (5, 6, 7, 8)))
280 ((1, 2, 3, 4), (5, (6, 7, 8)))
x_{1}^{2}x_{3}y_{2}
840 (1, 2, 3, (4, (5, 6), (7, 8)))
840 (1, (2, (3, 4), (5, 6, 7, 8)))
210 ((1, 2), (3, 4), (5, 6, 7, 8))
x_{2}y_{1}^{2}y_{3}
840 (1, 2, 3, (4, (5, 6), (7, 8)))
840 (1, (2, (3, 4), (5, 6, 7, 8)))
210 ((1, 2), (3, 4), (5, 6, 7, 8))
x_{3}^{2}y_{1}
280 (1, 2, 3, (4, (5, 6, 7, 8)))
35 ((1, 2, 3, 4), (5, 6, 7, 8))
x_{1}y_{3}^{2}
280 (1, 2, 3, (4, (5, 6, 7, 8)))
35 ((1, 2, 3, 4), (5, 6, 7, 8))
x_{2}x_{3}y_{1}^{2}
1680 (1, 2, 3, (4, (5, 6, (7, 8))))
1680 (1, 2, (3, 4), (5, (6, 7, 8)))
1680 (1, 2, (3, (4, 5, 6, (7, 8))))
840 (1, (2, 3), (4, (5, 6, 7, 8)))
1120 (1, (2, 3, 4, (5, (6, 7, 8))))
840 (1, (2, 3, (4, (5, 6, 7, 8))))
560 ((1, 2, 3), (4, 5, 6, (7, 8)))
420 ((1, 2, 3, 4), (5, 6, (7, 8)))
x_{1}^{2}y_{2}y_{3}
1680 (1, 2, 3, (4, (5, 6, (7, 8))))
1680 (1, 2, (3, 4), (5, (6, 7, 8)))
1680 (1, 2, (3, (4, 5, 6, (7, 8))))
840 (1, (2, 3), (4, (5, 6, 7, 8)))
1120 (1, (2, 3, 4, (5, (6, 7, 8))))
840 (1, (2, 3, (4, (5, 6, 7, 8))))
560 ((1, 2, 3), (4, 5, 6, (7, 8)))
420 ((1, 2, 3, 4), (5, 6, (7, 8)))
x_{1}^{2}x_{3}y_{1}^{2}
3360 (1, 2, 3, (4, (5, (6, (7, 8)))))
1680 (1, 2, 3, ((4, 5), (6, (7, 8))))
1260 (1, 2, (3, 4), ((5, 6), (7, 8)))
2520 (1, 2, (3, (4, 5)), (6, (7, 8)))
840 (1, (2, 3, 4, ((5, 6), (7, 8))))
3360 (1, (2, (3, 4, 5, (6, (7, 8)))))
1680 (1, (2, (3, (4, (5, 6, 7, 8)))))
840 (1, (2, ((3, 4), (5, 6, 7, 8))))
1680 (1, ((2, 3), (4, 5, 6, (7, 8))))
840 (1, ((2, 3, 4, 5), (6, (7, 8))))
1680 ((1, 2), (3, 4, 5, (6, (7, 8))))
840 ((1, 2), (3, (4, (5, 6, 7, 8))))
420 ((1, 2), ((3, 4), (5, 6, 7, 8)))
840 ((1, 2, 3, 4), (5, (6, (7, 8))))
840 ((1, (2, 3)), (4, (5, 6, 7, 8)))
x_{1}^{2}y_{1}^{2}y_{3}
3360 (1, 2, 3, (4, (5, (6, (7, 8)))))
1680 (1, 2, 3, ((4, 5), (6, (7, 8))))
1260 (1, 2, (3, 4), ((5, 6), (7, 8)))
2520 (1, 2, (3, (4, 5)), (6, (7, 8)))
840 (1, (2, 3, 4, ((5, 6), (7, 8))))
3360 (1, (2, (3, 4, 5, (6, (7, 8)))))
1680 (1, (2, (3, (4, (5, 6, 7, 8)))))
840 (1, (2, ((3, 4), (5, 6, 7, 8))))
1680 (1, ((2, 3), (4, 5, 6, (7, 8))))
840 (1, ((2, 3, 4, 5), (6, (7, 8))))
1680 ((1, 2), (3, 4, 5, (6, (7, 8))))
840 ((1, 2), (3, (4, (5, 6, 7, 8))))
420 ((1, 2), ((3, 4), (5, 6, 7, 8)))
840 ((1, 2, 3, 4), (5, (6, (7, 8))))
840 ((1, (2, 3)), (4, (5, 6, 7, 8)))
x_{1}x_{3}y_{1}^{3}
840 (1, 2, 3, (4, ((5, 6), (7, 8))))
5040 (1, 2, (3, 4), (5, (6, (7, 8))))
2520 (1, (2, 3), (4, 5), (6, (7, 8)))
3360 (1, (2, 3, 4, (5, (6, (7, 8)))))
5040 (1, (2, 3, (4, 5), (6, (7, 8))))
2520 (1, (2, (3, 4, (5, 6), (7, 8))))
3360 (1, (2, (3, (4, 5, 6, (7, 8)))))
840 (1, ((2, 3), (4, (5, 6, 7, 8))))
1260 ((1, 2), (3, 4, (5, 6), (7, 8)))
1680 ((1, 2), (3, (4, 5, 6, (7, 8))))
210 ((1, 2, 3, 4), ((5, 6), (7, 8)))
1680 ((1, 2, 3, (4, 5)), (6, (7, 8)))
x_{1}^{3}y_{1}y_{3}
840 (1, 2, 3, (4, ((5, 6), (7, 8))))
5040 (1, 2, (3, 4), (5, (6, (7, 8))))
2520 (1, (2, 3), (4, 5), (6, (7, 8)))
3360 (1, (2, 3, 4, (5, (6, (7, 8)))))
5040 (1, (2, 3, (4, 5), (6, (7, 8))))
2520 (1, (2, (3, 4, (5, 6), (7, 8))))
3360 (1, (2, (3, (4, 5, 6, (7, 8)))))
840 (1, ((2, 3), (4, (5, 6, 7, 8))))
1260 ((1, 2), (3, 4, (5, 6), (7, 8)))
1680 ((1, 2), (3, (4, 5, 6, (7, 8))))
210 ((1, 2, 3, 4), ((5, 6), (7, 8)))
1680 ((1, 2, 3, (4, 5)), (6, (7, 8)))
x_{1}x_{2}x_{3}y_{1}
560 (1, 2, 3, ((4, 5), (6, 7, 8)))
420 (1, 2, ((3, 4), (5, 6, 7, 8)))
280 (1, ((2, 3, 4), (5, 6, 7, 8)))
x_{1}y_{1}y_{2}y_{3}
560 (1, 2, 3, ((4, 5), (6, 7, 8)))
420 (1, 2, ((3, 4), (5, 6, 7, 8)))
280 (1, ((2, 3, 4), (5, 6, 7, 8)))
x_{4}y_{1}^{3}
420 (1, 2, (3, 4), (5, 6), (7, 8))
840 (1, (2, 3, 4, (5, 6), (7, 8)))
x_{1}^{3}y_{4}
420 (1, 2, (3, 4), (5, 6), (7, 8))
840 (1, (2, 3, 4, (5, 6), (7, 8)))
x_{3}y_{2}^{2}
280 (1, 2, (3, 4, 5), (6, 7, 8))
560 (1, 2, (3, 4, 5, (6, 7, 8)))
x_{2}^{2}y_{3}
280 (1, 2, (3, 4, 5), (6, 7, 8))
560 (1, 2, (3, 4, 5, (6, 7, 8)))
x_{1}^{2}x_{2}y_{3}
1260 (1, 2, (3, 4, (5, 6), (7, 8)))
840 (1, (2, 3), (4, 5), (6, 7, 8))
1680 (1, (2, 3, (4, 5), (6, 7, 8)))
x_{3}y_{1}^{2}y_{2}
1260 (1, 2, (3, 4, (5, 6), (7, 8)))
840 (1, (2, 3), (4, 5), (6, 7, 8))
1680 (1, (2, 3, (4, 5), (6, 7, 8)))
x_{2}^{2}y_{1}y_{2}
2520 (1, 2, (3, 4, (5, 6, (7, 8))))
1680 (1, 2, (3, 4, (5, (6, 7, 8))))
1680 (1, 2, (3, (4, 5, (6, 7, 8))))
1680 (1, (2, 3), (4, 5, (6, 7, 8)))
1680 (1, (2, 3, 4), (5, 6, (7, 8)))
1120 (1, (2, 3, 4), (5, (6, 7, 8)))
1680 (1, (2, 3, (4, 5, (6, 7, 8))))
560 ((1, 2, 3), (4, 5, (6, 7, 8)))
x_{1}x_{2}y_{2}^{2}
2520 (1, 2, (3, 4, (5, 6, (7, 8))))
1680 (1, 2, (3, 4, (5, (6, 7, 8))))
1680 (1, 2, (3, (4, 5, (6, 7, 8))))
1680 (1, (2, 3), (4, 5, (6, 7, 8)))
1680 (1, (2, 3, 4), (5, 6, (7, 8)))
1120 (1, (2, 3, 4), (5, (6, 7, 8)))
1680 (1, (2, 3, (4, 5, (6, 7, 8))))
560 ((1, 2, 3), (4, 5, (6, 7, 8)))
x_{1}^{2}x_{2}y_{1}y_{2}
5040 (1, 2, (3, 4, (5, (6, (7, 8)))))
1260 (1, 2, (3, 4, ((5, 6), (7, 8))))
5040 (1, 2, (3, (4, 5), (6, (7, 8))))
5040 (1, 2, (3, (4, (5, 6, (7, 8)))))
1680 (1, 2, (3, ((4, 5), (6, 7, 8))))
1680 (1, 2, ((3, 4), (5, (6, 7, 8))))
5040 (1, (2, 3), (4, 5, (6, (7, 8))))
2520 (1, (2, 3), (4, (5, 6), (7, 8)))
3360 (1, (2, 3), (4, (5, (6, 7, 8))))
3360 (1, (2, 3, 4), (5, (6, (7, 8))))
840 (1, (2, 3, 4), ((5, 6), (7, 8)))
5040 (1, (2, 3, (4, 5)), (6, (7, 8)))
5040 (1, (2, 3, (4, 5, (6, (7, 8)))))
2520 (1, (2, 3, (4, (5, 6), (7, 8))))
3360 (1, (2, 3, (4, (5, (6, 7, 8)))))
5040 (1, (2, (3, 4), (5, 6, (7, 8))))
3360 (1, (2, (3, 4, 5), (6, (7, 8))))
5040 (1, (2, (3, 4, (5, 6, (7, 8)))))
3360 (1, (2, (3, (4, 5), (6, 7, 8))))
3360 (1, (2, (3, (4, 5, (6, 7, 8)))))
1680 (1, ((2, 3), (4, 5, (6, 7, 8))))
1120 (1, ((2, 3, 4), (5, (6, 7, 8))))
1260 ((1, 2), (3, 4), (5, 6, (7, 8)))
1680 ((1, 2), (3, 4, 5), (6, (7, 8)))
2520 ((1, 2), (3, 4, (5, 6, (7, 8))))
1680 ((1, 2), (3, (4, 5), (6, 7, 8)))
1680 ((1, 2), (3, (4, 5, (6, 7, 8))))
1680 ((1, 2, 3), (4, (5, 6, (7, 8))))
560 ((1, 2, 3), ((4, 5), (6, 7, 8)))
1680 ((1, 2, (3, 4)), (5, (6, 7, 8)))
1680 ((1, 2, (3, 4, 5)), (6, (7, 8)))
x_{1}x_{2}y_{1}^{2}y_{2}
5040 (1, 2, (3, 4, (5, (6, (7, 8)))))
1260 (1, 2, (3, 4, ((5, 6), (7, 8))))
5040 (1, 2, (3, (4, 5), (6, (7, 8))))
5040 (1, 2, (3, (4, (5, 6, (7, 8)))))
1680 (1, 2, (3, ((4, 5), (6, 7, 8))))
1680 (1, 2, ((3, 4), (5, (6, 7, 8))))
5040 (1, (2, 3), (4, 5, (6, (7, 8))))
2520 (1, (2, 3), (4, (5, 6), (7, 8)))
3360 (1, (2, 3), (4, (5, (6, 7, 8))))
3360 (1, (2, 3, 4), (5, (6, (7, 8))))
840 (1, (2, 3, 4), ((5, 6), (7, 8)))
5040 (1, (2, 3, (4, 5)), (6, (7, 8)))
5040 (1, (2, 3, (4, 5, (6, (7, 8)))))
2520 (1, (2, 3, (4, (5, 6), (7, 8))))
3360 (1, (2, 3, (4, (5, (6, 7, 8)))))
5040 (1, (2, (3, 4), (5, 6, (7, 8))))
3360 (1, (2, (3, 4, 5), (6, (7, 8))))
5040 (1, (2, (3, 4, (5, 6, (7, 8)))))
3360 (1, (2, (3, (4, 5), (6, 7, 8))))
3360 (1, (2, (3, (4, 5, (6, 7, 8)))))
1680 (1, ((2, 3), (4, 5, (6, 7, 8))))
1120 (1, ((2, 3, 4), (5, (6, 7, 8))))
1260 ((1, 2), (3, 4), (5, 6, (7, 8)))
1680 ((1, 2), (3, 4, 5), (6, (7, 8)))
2520 ((1, 2), (3, 4, (5, 6, (7, 8))))
1680 ((1, 2), (3, (4, 5), (6, 7, 8)))
1680 ((1, 2), (3, (4, 5, (6, 7, 8))))
1680 ((1, 2, 3), (4, (5, 6, (7, 8))))
560 ((1, 2, 3), ((4, 5), (6, 7, 8)))
1680 ((1, 2, (3, 4)), (5, (6, 7, 8)))
1680 ((1, 2, (3, 4, 5)), (6, (7, 8)))
x_{1}x_{2}^{2}y_{2}
1680 (1, 2, (3, (4, 5), (6, 7, 8)))
560 (1, (2, (3, 4, 5), (6, 7, 8)))
280 ((1, 2), (3, 4, 5), (6, 7, 8))
x_{2}y_{1}y_{2}^{2}
1680 (1, 2, (3, (4, 5), (6, 7, 8)))
560 (1, (2, (3, 4, 5), (6, 7, 8)))
280 ((1, 2), (3, 4, 5), (6, 7, 8))
x_{1}x_{2}^{2}y_{1}^{2}
5040 (1, 2, (3, (4, 5, (6, (7, 8)))))
3360 (1, 2, (3, (4, (5, (6, 7, 8)))))
2520 (1, 2, ((3, 4), (5, 6, (7, 8))))
1680 (1, 2, ((3, 4, 5), (6, (7, 8))))
1680 (1, (2, 3), ((4, 5), (6, 7, 8)))
1680 (1, (2, 3, ((4, 5), (6, 7, 8))))
3360 (1, (2, (3, 4)), (5, (6, 7, 8)))
3360 (1, (2, (3, 4, (5, (6, 7, 8)))))
560 (1, (2, ((3, 4, 5), (6, 7, 8))))
1680 (1, ((2, 3, 4), (5, 6, (7, 8))))
1680 ((1, 2), (3, 4, (5, (6, 7, 8))))
280 ((1, 2), ((3, 4, 5), (6, 7, 8)))
1680 ((1, 2, 3), (4, 5, (6, (7, 8))))
1120 ((1, 2, 3), (4, (5, (6, 7, 8))))
560 ((1, (2, 3, 4)), (5, (6, 7, 8)))
x_{1}^{2}y_{1}y_{2}^{2}
5040 (1, 2, (3, (4, 5, (6, (7, 8)))))
3360 (1, 2, (3, (4, (5, (6, 7, 8)))))
2520 (1, 2, ((3, 4), (5, 6, (7, 8))))
1680 (1, 2, ((3, 4, 5), (6, (7, 8))))
1680 (1, (2, 3), ((4, 5), (6, 7, 8)))
1680 (1, (2, 3, ((4, 5), (6, 7, 8))))
3360 (1, (2, (3, 4)), (5, (6, 7, 8)))
3360 (1, (2, (3, 4, (5, (6, 7, 8)))))
560 (1, (2, ((3, 4, 5), (6, 7, 8))))
1680 (1, ((2, 3, 4), (5, 6, (7, 8))))
1680 ((1, 2), (3, 4, (5, (6, 7, 8))))
280 ((1, 2), ((3, 4, 5), (6, 7, 8)))
1680 ((1, 2, 3), (4, 5, (6, (7, 8))))
1120 ((1, 2, 3), (4, (5, (6, 7, 8))))
560 ((1, (2, 3, 4)), (5, (6, 7, 8)))
x_{2}^{2}y_{1}^{3}
2520 (1, 2, (3, (4, (5, 6), (7, 8))))
5040 (1, (2, 3), (4, (5, 6, (7, 8))))
5040 (1, (2, 3, (4, (5, 6, (7, 8)))))
3360 (1, (2, (3, 4), (5, (6, 7, 8))))
840 ((1, 2), (3, 4), (5, (6, 7, 8)))
840 ((1, 2, 3), (4, (5, 6), (7, 8)))
1260 ((1, 2, (3, 4)), (5, 6, (7, 8)))
x_{1}^{3}y_{2}^{2}
2520 (1, 2, (3, (4, (5, 6), (7, 8))))
5040 (1, (2, 3), (4, (5, 6, (7, 8))))
5040 (1, (2, 3, (4, (5, 6, (7, 8)))))
3360 (1, (2, (3, 4), (5, (6, 7, 8))))
840 ((1, 2), (3, 4), (5, (6, 7, 8)))
840 ((1, 2, 3), (4, (5, 6), (7, 8)))
1260 ((1, 2, (3, 4)), (5, 6, (7, 8)))
x_{1}^{2}x_{2}y_{1}^{3}
10080 (1, 2, (3, (4, (5, (6, (7, 8))))))
5040 (1, 2, (3, ((4, 5), (6, (7, 8)))))
1260 (1, 2, ((3, 4), ((5, 6), (7, 8))))
2520 (1, 2, ((3, (4, 5)), (6, (7, 8))))
10080 (1, (2, 3), (4, (5, (6, (7, 8)))))
5040 (1, (2, 3), ((4, 5), (6, (7, 8))))
10080 (1, (2, 3, (4, (5, (6, (7, 8))))))
5040 (1, (2, 3, ((4, 5), (6, (7, 8)))))
10080 (1, (2, (3, 4)), (5, (6, (7, 8))))
2520 (1, (2, (3, 4), ((5, 6), (7, 8))))
10080 (1, (2, (3, 4, (5, (6, (7, 8))))))
5040 (1, (2, (3, (4, 5)), (6, (7, 8))))
10080 (1, (2, (3, (4, 5), (6, (7, 8)))))
10080 (1, (2, (3, (4, 5, (6, (7, 8))))))
10080 (1, (2, (3, (4, (5, 6, (7, 8))))))
6720 (1, (2, (3, (4, (5, (6, 7, 8))))))
5040 (1, (2, ((3, 4), (5, 6, (7, 8)))))
3360 (1, (2, ((3, 4), (5, (6, 7, 8)))))
3360 (1, (2, ((3, 4, 5), (6, (7, 8)))))
2520 (1, ((2, 3), (4, (5, 6), (7, 8))))
1680 (1, ((2, 3), ((4, 5), (6, 7, 8))))
840 (1, ((2, 3, 4), ((5, 6), (7, 8))))
5040 (1, ((2, 3, (4, 5)), (6, (7, 8))))
3360 (1, ((2, (3, 4)), (5, (6, 7, 8))))
630 ((1, 2), (3, 4), ((5, 6), (7, 8)))
5040 ((1, 2), (3, 4, (5, (6, (7, 8)))))
2520 ((1, 2), (3, (4, 5)), (6, (7, 8)))
5040 ((1, 2), (3, (4, 5), (6, (7, 8))))
5040 ((1, 2), (3, (4, 5, (6, (7, 8)))))
5040 ((1, 2), (3, (4, (5, 6, (7, 8)))))
3360 ((1, 2), (3, (4, (5, (6, 7, 8)))))
2520 ((1, 2), ((3, 4), (5, 6, (7, 8))))
1680 ((1, 2), ((3, 4), (5, (6, 7, 8))))
1680 ((1, 2), ((3, 4, 5), (6, (7, 8))))
3360 ((1, 2, 3), (4, (5, (6, (7, 8)))))
1680 ((1, 2, 3), ((4, 5), (6, (7, 8))))
5040 ((1, 2, (3, 4)), (5, (6, (7, 8))))
5040 ((1, 2, (3, (4, 5))), (6, (7, 8)))
5040 ((1, (2, 3)), (4, (5, 6, (7, 8))))
3360 ((1, (2, 3)), (4, (5, (6, 7, 8))))
3360 ((1, (2, 3, 4)), (5, (6, (7, 8))))
x_{1}^{3}y_{1}^{2}y_{2}
10080 (1, 2, (3, (4, (5, (6, (7, 8))))))
5040 (1, 2, (3, ((4, 5), (6, (7, 8)))))
1260 (1, 2, ((3, 4), ((5, 6), (7, 8))))
2520 (1, 2, ((3, (4, 5)), (6, (7, 8))))
10080 (1, (2, 3), (4, (5, (6, (7, 8)))))
5040 (1, (2, 3), ((4, 5), (6, (7, 8))))
10080 (1, (2, 3, (4, (5, (6, (7, 8))))))
5040 (1, (2, 3, ((4, 5), (6, (7, 8)))))
10080 (1, (2, (3, 4)), (5, (6, (7, 8))))
2520 (1, (2, (3, 4), ((5, 6), (7, 8))))
10080 (1, (2, (3, 4, (5, (6, (7, 8))))))
5040 (1, (2, (3, (4, 5)), (6, (7, 8))))
10080 (1, (2, (3, (4, 5), (6, (7, 8)))))
10080 (1, (2, (3, (4, 5, (6, (7, 8))))))
10080 (1, (2, (3, (4, (5, 6, (7, 8))))))
6720 (1, (2, (3, (4, (5, (6, 7, 8))))))
5040 (1, (2, ((3, 4), (5, 6, (7, 8)))))
3360 (1, (2, ((3, 4), (5, (6, 7, 8)))))
3360 (1, (2, ((3, 4, 5), (6, (7, 8)))))
2520 (1, ((2, 3), (4, (5, 6), (7, 8))))
1680 (1, ((2, 3), ((4, 5), (6, 7, 8))))
840 (1, ((2, 3, 4), ((5, 6), (7, 8))))
5040 (1, ((2, 3, (4, 5)), (6, (7, 8))))
3360 (1, ((2, (3, 4)), (5, (6, 7, 8))))
630 ((1, 2), (3, 4), ((5, 6), (7, 8)))
5040 ((1, 2), (3, 4, (5, (6, (7, 8)))))
2520 ((1, 2), (3, (4, 5)), (6, (7, 8)))
5040 ((1, 2), (3, (4, 5), (6, (7, 8))))
5040 ((1, 2), (3, (4, 5, (6, (7, 8)))))
5040 ((1, 2), (3, (4, (5, 6, (7, 8)))))
3360 ((1, 2), (3, (4, (5, (6, 7, 8)))))
2520 ((1, 2), ((3, 4), (5, 6, (7, 8))))
1680 ((1, 2), ((3, 4), (5, (6, 7, 8))))
1680 ((1, 2), ((3, 4, 5), (6, (7, 8))))
3360 ((1, 2, 3), (4, (5, (6, (7, 8)))))
1680 ((1, 2, 3), ((4, 5), (6, (7, 8))))
5040 ((1, 2, (3, 4)), (5, (6, (7, 8))))
5040 ((1, 2, (3, (4, 5))), (6, (7, 8)))
5040 ((1, (2, 3)), (4, (5, 6, (7, 8))))
3360 ((1, (2, 3)), (4, (5, (6, 7, 8))))
3360 ((1, (2, 3, 4)), (5, (6, (7, 8))))
x_{1}^{3}x_{2}y_{1}^{2}
2520 (1, 2, (3, (4, ((5, 6), (7, 8)))))
5040 (1, 2, ((3, 4), (5, (6, (7, 8)))))
2520 (1, (2, (3, 4)), ((5, 6), (7, 8)))
2520 (1, (2, (3, 4, ((5, 6), (7, 8)))))
3360 (1, (2, (3, ((4, 5), (6, 7, 8)))))
5040 (1, ((2, 3), (4, 5, (6, (7, 8)))))
3360 (1, ((2, 3), (4, (5, (6, 7, 8)))))
3360 (1, ((2, 3, 4), (5, (6, (7, 8)))))
1260 ((1, 2), (3, 4, ((5, 6), (7, 8))))
1680 ((1, 2), (3, ((4, 5), (6, 7, 8))))
840 ((1, 2, 3), (4, ((5, 6), (7, 8))))
1680 ((1, (2, 3)), ((4, 5), (6, 7, 8)))
840 ((1, (2, 3, 4)), ((5, 6), (7, 8)))
x_{1}^{2}y_{1}^{3}y_{2}
2520 (1, 2, (3, (4, ((5, 6), (7, 8)))))
5040 (1, 2, ((3, 4), (5, (6, (7, 8)))))
2520 (1, (2, (3, 4)), ((5, 6), (7, 8)))
2520 (1, (2, (3, 4, ((5, 6), (7, 8)))))
3360 (1, (2, (3, ((4, 5), (6, 7, 8)))))
5040 (1, ((2, 3), (4, 5, (6, (7, 8)))))
3360 (1, ((2, 3), (4, (5, (6, 7, 8)))))
3360 (1, ((2, 3, 4), (5, (6, (7, 8)))))
1260 ((1, 2), (3, 4, ((5, 6), (7, 8))))
1680 ((1, 2), (3, ((4, 5), (6, 7, 8))))
840 ((1, 2, 3), (4, ((5, 6), (7, 8))))
1680 ((1, (2, 3)), ((4, 5), (6, 7, 8)))
840 ((1, (2, 3, 4)), ((5, 6), (7, 8)))
x_{1}^{3}x_{2}y_{2}
420 (1, 2, ((3, 4), (5, 6), (7, 8)))
840 (1, ((2, 3), (4, 5), (6, 7, 8)))
x_{2}y_{1}^{3}y_{2}
420 (1, 2, ((3, 4), (5, 6), (7, 8)))
840 (1, ((2, 3), (4, 5), (6, 7, 8)))
x_{2}^{3}y_{1}
280 (1, 2, ((3, 4, 5), (6, 7, 8)))
x_{1}y_{2}^{3}
280 (1, 2, ((3, 4, 5), (6, 7, 8)))
x_{1}x_{2}y_{1}^{4}
2520 (1, (2, 3), (4, ((5, 6), (7, 8))))
2520 (1, (2, 3, (4, ((5, 6), (7, 8)))))
10080 (1, (2, (3, 4), (5, (6, (7, 8)))))
5040 (1, (2, (3, (4, (5, 6), (7, 8)))))
840 (1, (2, ((3, 4), (5, 6), (7, 8))))
2520 (1, ((2, 3), (4, 5), (6, (7, 8))))
5040 (1, ((2, 3), (4, (5, 6, (7, 8)))))
2520 ((1, 2), (3, 4), (5, (6, (7, 8))))
2520 ((1, 2), (3, (4, (5, 6), (7, 8))))
420 ((1, 2), ((3, 4), (5, 6), (7, 8)))
1260 ((1, 2, (3, 4)), ((5, 6), (7, 8)))
2520 ((1, (2, 3)), (4, (5, 6), (7, 8)))
x_{1}^{4}y_{1}y_{2}
2520 (1, (2, 3), (4, ((5, 6), (7, 8))))
2520 (1, (2, 3, (4, ((5, 6), (7, 8)))))
10080 (1, (2, (3, 4), (5, (6, (7, 8)))))
5040 (1, (2, (3, (4, (5, 6), (7, 8)))))
840 (1, (2, ((3, 4), (5, 6), (7, 8))))
2520 (1, ((2, 3), (4, 5), (6, (7, 8))))
5040 (1, ((2, 3), (4, (5, 6, (7, 8)))))
2520 ((1, 2), (3, 4), (5, (6, (7, 8))))
2520 ((1, 2), (3, (4, (5, 6), (7, 8))))
420 ((1, 2), ((3, 4), (5, 6), (7, 8)))
1260 ((1, 2, (3, 4)), ((5, 6), (7, 8)))
2520 ((1, (2, 3)), (4, (5, 6), (7, 8)))
x_{1}^{4}y_{3}
840 (1, (2, (3, 4), (5, 6), (7, 8)))
105 ((1, 2), (3, 4), (5, 6), (7, 8))
x_{3}y_{1}^{4}
840 (1, (2, (3, 4), (5, 6), (7, 8)))
105 ((1, 2), (3, 4), (5, 6), (7, 8))
x_{1}^{4}y_{1}^{3}
20160 (1, (2, (3, (4, (5, (6, (7, 8)))))))
5040 (1, (2, (3, (4, ((5, 6), (7, 8))))))
10080 (1, (2, (3, ((4, 5), (6, (7, 8))))))
10080 (1, (2, ((3, 4), (5, (6, (7, 8))))))
2520 (1, (2, ((3, 4), ((5, 6), (7, 8)))))
5040 (1, (2, ((3, (4, 5)), (6, (7, 8)))))
10080 (1, ((2, 3), (4, (5, (6, (7, 8))))))
5040 (1, ((2, 3), ((4, 5), (6, (7, 8)))))
10080 (1, ((2, (3, 4)), (5, (6, (7, 8)))))
2520 (1, ((2, (3, 4)), ((5, 6), (7, 8))))
10080 ((1, 2), (3, (4, (5, (6, (7, 8))))))
2520 ((1, 2), (3, (4, ((5, 6), (7, 8)))))
5040 ((1, 2), (3, ((4, 5), (6, (7, 8)))))
5040 ((1, 2), ((3, 4), (5, (6, (7, 8)))))
1260 ((1, 2), ((3, 4), ((5, 6), (7, 8))))
2520 ((1, 2), ((3, (4, 5)), (6, (7, 8))))
10080 ((1, (2, 3)), (4, (5, (6, (7, 8)))))
2520 ((1, (2, 3)), (4, ((5, 6), (7, 8))))
5040 ((1, (2, 3)), ((4, 5), (6, (7, 8))))
5040 ((1, (2, (3, 4))), (5, (6, (7, 8))))
2520 ((1, (2, (3, 4))), ((5, 6), (7, 8)))
x_{1}^{3}y_{1}^{4}
20160 (1, (2, (3, (4, (5, (6, (7, 8)))))))
5040 (1, (2, (3, (4, ((5, 6), (7, 8))))))
10080 (1, (2, (3, ((4, 5), (6, (7, 8))))))
10080 (1, (2, ((3, 4), (5, (6, (7, 8))))))
2520 (1, (2, ((3, 4), ((5, 6), (7, 8)))))
5040 (1, (2, ((3, (4, 5)), (6, (7, 8)))))
10080 (1, ((2, 3), (4, (5, (6, (7, 8))))))
5040 (1, ((2, 3), ((4, 5), (6, (7, 8)))))
10080 (1, ((2, (3, 4)), (5, (6, (7, 8)))))
2520 (1, ((2, (3, 4)), ((5, 6), (7, 8))))
10080 ((1, 2), (3, (4, (5, (6, (7, 8))))))
2520 ((1, 2), (3, (4, ((5, 6), (7, 8)))))
5040 ((1, 2), (3, ((4, 5), (6, (7, 8)))))
5040 ((1, 2), ((3, 4), (5, (6, (7, 8)))))
1260 ((1, 2), ((3, 4), ((5, 6), (7, 8))))
2520 ((1, 2), ((3, (4, 5)), (6, (7, 8))))
10080 ((1, (2, 3)), (4, (5, (6, (7, 8)))))
2520 ((1, (2, 3)), (4, ((5, 6), (7, 8))))
5040 ((1, (2, 3)), ((4, 5), (6, (7, 8))))
5040 ((1, (2, (3, 4))), (5, (6, (7, 8))))
2520 ((1, (2, (3, 4))), ((5, 6), (7, 8)))
x_{1}^{5}y_{1}^{2}
2520 (1, ((2, 3), (4, ((5, 6), (7, 8)))))
315 (((1, 2), (3, 4)), ((5, 6), (7, 8)))
x_{1}^{2}y_{1}^{5}
2520 (1, ((2, 3), (4, ((5, 6), (7, 8)))))
315 (((1, 2), (3, 4)), ((5, 6), (7, 8)))

FOR 9
x_{8}
1 (1, 2, 3, 4, 5, 6, 7, 8, 9)
y_{8}
1 (1, 2, 3, 4, 5, 6, 7, 8, 9)
x_{7}y_{1}
36 (1, 2, 3, 4, 5, 6, 7, (8, 9))
9 (1, (2, 3, 4, 5, 6, 7, 8, 9))
x_{1}y_{7}
36 (1, 2, 3, 4, 5, 6, 7, (8, 9))
9 (1, (2, 3, 4, 5, 6, 7, 8, 9))
x_{6}y_{2}
84 (1, 2, 3, 4, 5, 6, (7, 8, 9))
36 (1, 2, (3, 4, 5, 6, 7, 8, 9))
x_{2}y_{6}
84 (1, 2, 3, 4, 5, 6, (7, 8, 9))
36 (1, 2, (3, 4, 5, 6, 7, 8, 9))
x_{1}x_{6}y_{1}
252 (1, 2, 3, 4, 5, 6, (7, (8, 9)))
72 (1, (2, (3, 4, 5, 6, 7, 8, 9)))
36 ((1, 2), (3, 4, 5, 6, 7, 8, 9))
x_{1}y_{1}y_{6}
252 (1, 2, 3, 4, 5, 6, (7, (8, 9)))
72 (1, (2, (3, 4, 5, 6, 7, 8, 9)))
36 ((1, 2), (3, 4, 5, 6, 7, 8, 9))
x_{6}y_{1}^{2}
378 (1, 2, 3, 4, 5, (6, 7), (8, 9))
252 (1, (2, 3, 4, 5, 6, 7, (8, 9)))
x_{1}^{2}y_{6}
378 (1, 2, 3, 4, 5, (6, 7), (8, 9))
252 (1, (2, 3, 4, 5, 6, 7, (8, 9)))
x_{5}y_{3}
126 (1, 2, 3, 4, 5, (6, 7, 8, 9))
84 (1, 2, 3, (4, 5, 6, 7, 8, 9))
x_{3}y_{5}
126 (1, 2, 3, 4, 5, (6, 7, 8, 9))
84 (1, 2, 3, (4, 5, 6, 7, 8, 9))
x_{1}x_{5}y_{2}
756 (1, 2, 3, 4, 5, (6, 7, (8, 9)))
252 (1, (2, 3), (4, 5, 6, 7, 8, 9))
252 (1, (2, 3, (4, 5, 6, 7, 8, 9)))
x_{2}y_{1}y_{5}
756 (1, 2, 3, 4, 5, (6, 7, (8, 9)))
252 (1, (2, 3), (4, 5, 6, 7, 8, 9))
252 (1, (2, 3, (4, 5, 6, 7, 8, 9)))
x_{2}x_{5}y_{1}
504 (1, 2, 3, 4, 5, (6, (7, 8, 9)))
252 (1, 2, (3, (4, 5, 6, 7, 8, 9)))
84 ((1, 2, 3), (4, 5, 6, 7, 8, 9))
x_{1}y_{2}y_{5}
504 (1, 2, 3, 4, 5, (6, (7, 8, 9)))
252 (1, 2, (3, (4, 5, 6, 7, 8, 9)))
84 ((1, 2, 3), (4, 5, 6, 7, 8, 9))
x_{1}x_{5}y_{1}^{2}
1512 (1, 2, 3, 4, 5, (6, (7, (8, 9))))
3780 (1, 2, 3, 4, (5, 6), (7, (8, 9)))
1512 (1, (2, 3, 4, 5, 6, (7, (8, 9))))
1512 (1, (2, (3, 4, 5, 6, 7, (8, 9))))
504 (1, (2, (3, (4, 5, 6, 7, 8, 9))))
756 ((1, 2), (3, 4, 5, 6, 7, (8, 9)))
252 ((1, 2), (3, (4, 5, 6, 7, 8, 9)))
252 ((1, 2, 3, 4, 5, 6), (7, (8, 9)))
x_{1}^{2}y_{1}y_{5}
1512 (1, 2, 3, 4, 5, (6, (7, (8, 9))))
3780 (1, 2, 3, 4, (5, 6), (7, (8, 9)))
1512 (1, (2, 3, 4, 5, 6, (7, (8, 9))))
1512 (1, (2, (3, 4, 5, 6, 7, (8, 9))))
504 (1, (2, (3, (4, 5, 6, 7, 8, 9))))
756 ((1, 2), (3, 4, 5, 6, 7, (8, 9)))
252 ((1, 2), (3, (4, 5, 6, 7, 8, 9)))
252 ((1, 2, 3, 4, 5, 6), (7, (8, 9)))
x_{1}^{2}x_{5}y_{1}
378 (1, 2, 3, 4, 5, ((6, 7), (8, 9)))
252 (1, ((2, 3), (4, 5, 6, 7, 8, 9)))
x_{1}y_{1}^{2}y_{5}
378 (1, 2, 3, 4, 5, ((6, 7), (8, 9)))
252 (1, ((2, 3), (4, 5, 6, 7, 8, 9)))
x_{5}y_{1}y_{2}
1260 (1, 2, 3, 4, (5, 6), (7, 8, 9))
756 (1, 2, (3, 4, 5, 6, 7, (8, 9)))
504 (1, (2, 3, 4, 5, 6, (7, 8, 9)))
x_{1}x_{2}y_{5}
1260 (1, 2, 3, 4, (5, 6), (7, 8, 9))
756 (1, 2, (3, 4, 5, 6, 7, (8, 9)))
504 (1, (2, 3, 4, 5, 6, (7, 8, 9)))
x_{4}y_{4}
126 (1, 2, 3, 4, (5, 6, 7, 8, 9))
126 (1, 2, 3, 4, (5, 6, 7, 8, 9))
x_{1}x_{4}y_{3}
1260 (1, 2, 3, 4, (5, 6, 7, (8, 9)))
756 (1, 2, (3, 4), (5, 6, 7, 8, 9))
504 (1, (2, 3, 4, (5, 6, 7, 8, 9)))
x_{3}y_{1}y_{4}
1260 (1, 2, 3, 4, (5, 6, 7, (8, 9)))
756 (1, 2, (3, 4), (5, 6, 7, 8, 9))
504 (1, (2, 3, 4, (5, 6, 7, 8, 9)))
x_{2}x_{4}y_{2}
1260 (1, 2, 3, 4, (5, 6, (7, 8, 9)))
756 (1, 2, (3, 4, (5, 6, 7, 8, 9)))
504 (1, (2, 3, 4), (5, 6, 7, 8, 9))
x_{2}y_{2}y_{4}
1260 (1, 2, 3, 4, (5, 6, (7, 8, 9)))
756 (1, 2, (3, 4, (5, 6, 7, 8, 9)))
504 (1, (2, 3, 4), (5, 6, 7, 8, 9))
x_{1}x_{4}y_{1}y_{2}
3780 (1, 2, 3, 4, (5, 6, (7, (8, 9))))
2520 (1, 2, 3, 4, (5, (6, (7, 8, 9))))
7560 (1, 2, 3, (4, 5), (6, 7, (8, 9)))
5040 (1, 2, 3, (4, 5, 6), (7, (8, 9)))
3780 (1, 2, (3, 4, 5, 6, (7, (8, 9))))
1512 (1, 2, (3, (4, (5, 6, 7, 8, 9))))
3780 (1, (2, 3), (4, 5, 6, 7, (8, 9)))
1512 (1, (2, 3, 4, 5, 6), (7, (8, 9)))
3780 (1, (2, 3, 4, 5, (6, 7, (8, 9))))
3780 (1, (2, 3, (4, 5, 6, 7, (8, 9))))
2520 (1, (2, (3, 4, 5, 6, (7, 8, 9))))
1512 (1, (2, (3, 4, (5, 6, 7, 8, 9))))
1260 ((1, 2), (3, 4, 5, 6, (7, 8, 9)))
756 ((1, 2), (3, 4, (5, 6, 7, 8, 9)))
504 ((1, 2, 3), (4, (5, 6, 7, 8, 9)))
504 ((1, 2, 3, 4, 5), (6, (7, 8, 9)))
x_{1}x_{2}y_{1}y_{4}
3780 (1, 2, 3, 4, (5, 6, (7, (8, 9))))
2520 (1, 2, 3, 4, (5, (6, (7, 8, 9))))
7560 (1, 2, 3, (4, 5), (6, 7, (8, 9)))
5040 (1, 2, 3, (4, 5, 6), (7, (8, 9)))
3780 (1, 2, (3, 4, 5, 6, (7, (8, 9))))
1512 (1, 2, (3, (4, (5, 6, 7, 8, 9))))
3780 (1, (2, 3), (4, 5, 6, 7, (8, 9)))
1512 (1, (2, 3, 4, 5, 6), (7, (8, 9)))
3780 (1, (2, 3, 4, 5, (6, 7, (8, 9))))
3780 (1, (2, 3, (4, 5, 6, 7, (8, 9))))
2520 (1, (2, (3, 4, 5, 6, (7, 8, 9))))
1512 (1, (2, (3, 4, (5, 6, 7, 8, 9))))
1260 ((1, 2), (3, 4, 5, 6, (7, 8, 9)))
756 ((1, 2), (3, 4, (5, 6, 7, 8, 9)))
504 ((1, 2, 3), (4, (5, 6, 7, 8, 9)))
504 ((1, 2, 3, 4, 5), (6, (7, 8, 9)))
x_{1}^{2}x_{4}y_{2}
1890 (1, 2, 3, 4, (5, (6, 7), (8, 9)))
1512 (1, (2, (3, 4), (5, 6, 7, 8, 9)))
378 ((1, 2), (3, 4), (5, 6, 7, 8, 9))
x_{2}y_{1}^{2}y_{4}
1890 (1, 2, 3, 4, (5, (6, 7), (8, 9)))
1512 (1, (2, (3, 4), (5, 6, 7, 8, 9)))
378 ((1, 2), (3, 4), (5, 6, 7, 8, 9))
x_{3}x_{4}y_{1}
630 (1, 2, 3, 4, (5, (6, 7, 8, 9)))
504 (1, 2, 3, (4, (5, 6, 7, 8, 9)))
126 ((1, 2, 3, 4), (5, 6, 7, 8, 9))
x_{1}y_{3}y_{4}
630 (1, 2, 3, 4, (5, (6, 7, 8, 9)))
504 (1, 2, 3, (4, (5, 6, 7, 8, 9)))
126 ((1, 2, 3, 4), (5, 6, 7, 8, 9))
x_{2}x_{4}y_{1}^{2}
3780 (1, 2, 3, 4, (5, (6, 7, (8, 9))))
5040 (1, 2, 3, (4, 5), (6, (7, 8, 9)))
3780 (1, 2, (3, (4, 5, 6, 7, (8, 9))))
1512 (1, (2, 3), (4, (5, 6, 7, 8, 9)))
2520 (1, (2, 3, 4, 5, (6, (7, 8, 9))))
1512 (1, (2, 3, (4, (5, 6, 7, 8, 9))))
1260 ((1, 2, 3), (4, 5, 6, 7, (8, 9)))
756 ((1, 2, 3, 4, 5), (6, 7, (8, 9)))
x_{1}^{2}y_{2}y_{4}
3780 (1, 2, 3, 4, (5, (6, 7, (8, 9))))
5040 (1, 2, 3, (4, 5), (6, (7, 8, 9)))
3780 (1, 2, (3, (4, 5, 6, 7, (8, 9))))
1512 (1, (2, 3), (4, (5, 6, 7, 8, 9)))
2520 (1, (2, 3, 4, 5, (6, (7, 8, 9))))
1512 (1, (2, 3, (4, (5, 6, 7, 8, 9))))
1260 ((1, 2, 3), (4, 5, 6, 7, (8, 9)))
756 ((1, 2, 3, 4, 5), (6, 7, (8, 9)))
x_{1}^{2}x_{4}y_{1}^{2}
7560 (1, 2, 3, 4, (5, (6, (7, (8, 9)))))
3780 (1, 2, 3, 4, ((5, 6), (7, (8, 9))))
3780 (1, 2, 3, (4, 5), ((6, 7), (8, 9)))
7560 (1, 2, 3, (4, (5, 6)), (7, (8, 9)))
1890 (1, (2, 3, 4, 5, ((6, 7), (8, 9))))
7560 (1, (2, (3, 4, 5, 6, (7, (8, 9)))))
3024 (1, (2, (3, (4, (5, 6, 7, 8, 9)))))
1512 (1, (2, ((3, 4), (5, 6, 7, 8, 9))))
3780 (1, ((2, 3), (4, 5, 6, 7, (8, 9))))
1512 (1, ((2, 3, 4, 5, 6), (7, (8, 9))))
3780 ((1, 2), (3, 4, 5, 6, (7, (8, 9))))
1512 ((1, 2), (3, (4, (5, 6, 7, 8, 9))))
756 ((1, 2), ((3, 4), (5, 6, 7, 8, 9)))
1512 ((1, 2, 3, 4, 5), (6, (7, (8, 9))))
1512 ((1, (2, 3)), (4, (5, 6, 7, 8, 9)))
x_{1}^{2}y_{1}^{2}y_{4}
7560 (1, 2, 3, 4, (5, (6, (7, (8, 9)))))
3780 (1, 2, 3, 4, ((5, 6), (7, (8, 9))))
3780 (1, 2, 3, (4, 5), ((6, 7), (8, 9)))
7560 (1, 2, 3, (4, (5, 6)), (7, (8, 9)))
1890 (1, (2, 3, 4, 5, ((6, 7), (8, 9))))
7560 (1, (2, (3, 4, 5, 6, (7, (8, 9)))))
3024 (1, (2, (3, (4, (5, 6, 7, 8, 9)))))
1512 (1, (2, ((3, 4), (5, 6, 7, 8, 9))))
3780 (1, ((2, 3), (4, 5, 6, 7, (8, 9))))
1512 (1, ((2, 3, 4, 5, 6), (7, (8, 9))))
3780 ((1, 2), (3, 4, 5, 6, (7, (8, 9))))
1512 ((1, 2), (3, (4, (5, 6, 7, 8, 9))))
756 ((1, 2), ((3, 4), (5, 6, 7, 8, 9)))
1512 ((1, 2, 3, 4, 5), (6, (7, (8, 9))))
1512 ((1, (2, 3)), (4, (5, 6, 7, 8, 9)))
x_{1}x_{4}y_{1}^{3}
1890 (1, 2, 3, 4, (5, ((6, 7), (8, 9))))
15120 (1, 2, 3, (4, 5), (6, (7, (8, 9))))
11340 (1, 2, (3, 4), (5, 6), (7, (8, 9)))
7560 (1, (2, 3, 4, 5, (6, (7, (8, 9)))))
15120 (1, (2, 3, 4, (5, 6), (7, (8, 9))))
7560 (1, (2, (3, 4, 5, (6, 7), (8, 9))))
7560 (1, (2, (3, (4, 5, 6, 7, (8, 9)))))
1512 (1, ((2, 3), (4, (5, 6, 7, 8, 9))))
3780 ((1, 2), (3, 4, 5, (6, 7), (8, 9)))
3780 ((1, 2), (3, (4, 5, 6, 7, (8, 9))))
378 ((1, 2, 3, 4, 5), ((6, 7), (8, 9)))
3780 ((1, 2, 3, 4, (5, 6)), (7, (8, 9)))
x_{1}^{3}y_{1}y_{4}
1890 (1, 2, 3, 4, (5, ((6, 7), (8, 9))))
15120 (1, 2, 3, (4, 5), (6, (7, (8, 9))))
11340 (1, 2, (3, 4), (5, 6), (7, (8, 9)))
7560 (1, (2, 3, 4, 5, (6, (7, (8, 9)))))
15120 (1, (2, 3, 4, (5, 6), (7, (8, 9))))
7560 (1, (2, (3, 4, 5, (6, 7), (8, 9))))
7560 (1, (2, (3, (4, 5, 6, 7, (8, 9)))))
1512 (1, ((2, 3), (4, (5, 6, 7, 8, 9))))
3780 ((1, 2), (3, 4, 5, (6, 7), (8, 9)))
3780 ((1, 2), (3, (4, 5, 6, 7, (8, 9))))
378 ((1, 2, 3, 4, 5), ((6, 7), (8, 9)))
3780 ((1, 2, 3, 4, (5, 6)), (7, (8, 9)))
x_{1}x_{2}x_{4}y_{1}
1260 (1, 2, 3, 4, ((5, 6), (7, 8, 9)))
756 (1, 2, ((3, 4), (5, 6, 7, 8, 9)))
504 (1, ((2, 3, 4), (5, 6, 7, 8, 9)))
x_{1}y_{1}y_{2}y_{4}
1260 (1, 2, 3, 4, ((5, 6), (7, 8, 9)))
756 (1, 2, ((3, 4), (5, 6, 7, 8, 9)))
504 (1, ((2, 3, 4), (5, 6, 7, 8, 9)))
x_{5}y_{1}^{3}
1260 (1, 2, 3, (4, 5), (6, 7), (8, 9))
1890 (1, (2, 3, 4, 5, (6, 7), (8, 9)))
x_{1}^{3}y_{5}
1260 (1, 2, 3, (4, 5), (6, 7), (8, 9))
1890 (1, (2, 3, 4, 5, (6, 7), (8, 9)))
x_{4}y_{1}y_{3}
1260 (1, 2, 3, (4, 5), (6, 7, 8, 9))
1260 (1, 2, 3, (4, 5, 6, 7, (8, 9)))
630 (1, (2, 3, 4, 5, (6, 7, 8, 9)))
x_{1}x_{3}y_{4}
1260 (1, 2, 3, (4, 5), (6, 7, 8, 9))
1260 (1, 2, 3, (4, 5, 6, 7, (8, 9)))
630 (1, (2, 3, 4, 5, (6, 7, 8, 9)))
x_{4}y_{2}^{2}
840 (1, 2, 3, (4, 5, 6), (7, 8, 9))
1260 (1, 2, (3, 4, 5, 6, (7, 8, 9)))
x_{2}^{2}y_{4}
840 (1, 2, 3, (4, 5, 6), (7, 8, 9))
1260 (1, 2, (3, 4, 5, 6, (7, 8, 9)))
x_{2}x_{3}y_{3}
1680 (1, 2, 3, (4, 5, 6, (7, 8, 9)))
1260 (1, 2, (3, 4, 5), (6, 7, 8, 9))
1260 (1, 2, (3, 4, 5, (6, 7, 8, 9)))
x_{3}y_{2}y_{3}
1680 (1, 2, 3, (4, 5, 6, (7, 8, 9)))
1260 (1, 2, (3, 4, 5), (6, 7, 8, 9))
1260 (1, 2, (3, 4, 5, (6, 7, 8, 9)))
x_{1}x_{3}y_{1}y_{3}
5040 (1, 2, 3, (4, 5, 6, (7, (8, 9))))
5040 (1, 2, 3, (4, 5, 6, (7, (8, 9))))
2520 (1, 2, 3, (4, (5, (6, 7, 8, 9))))
2520 (1, 2, 3, (4, (5, (6, 7, 8, 9))))
7560 (1, 2, (3, 4), (5, 6, 7, (8, 9)))
7560 (1, 2, (3, 4), (5, 6, 7, (8, 9)))
3780 (1, 2, (3, 4, 5, 6), (7, (8, 9)))
3780 (1, 2, (3, 4, 5, 6), (7, (8, 9)))
5040 (1, (2, 3, 4, (5, 6, 7, (8, 9))))
5040 (1, (2, 3, 4, (5, 6, 7, (8, 9))))
2520 (1, (2, (3, 4, 5, (6, 7, 8, 9))))
2520 (1, (2, (3, 4, 5, (6, 7, 8, 9))))
1260 ((1, 2), (3, 4, 5, (6, 7, 8, 9)))
1260 ((1, 2), (3, 4, 5, (6, 7, 8, 9)))
630 ((1, 2, 3, 4), (5, (6, 7, 8, 9)))
630 ((1, 2, 3, 4), (5, (6, 7, 8, 9)))
x_{1}^{2}x_{3}y_{3}
3780 (1, 2, 3, (4, 5, (6, 7), (8, 9)))
1890 (1, (2, 3), (4, 5), (6, 7, 8, 9))
3780 (1, (2, 3, (4, 5), (6, 7, 8, 9)))
x_{3}y_{1}^{2}y_{3}
3780 (1, 2, 3, (4, 5, (6, 7), (8, 9)))
1890 (1, (2, 3), (4, 5), (6, 7, 8, 9))
3780 (1, (2, 3, (4, 5), (6, 7, 8, 9)))
x_{3}^{2}y_{2}
1260 (1, 2, 3, (4, 5, (6, 7, 8, 9)))
315 (1, (2, 3, 4, 5), (6, 7, 8, 9))
x_{2}y_{3}^{2}
1260 (1, 2, 3, (4, 5, (6, 7, 8, 9)))
315 (1, (2, 3, 4, 5), (6, 7, 8, 9))
x_{2}x_{3}y_{1}y_{2}
7560 (1, 2, 3, (4, 5, (6, 7, (8, 9))))
5040 (1, 2, 3, (4, (5, 6, (7, 8, 9))))
7560 (1, 2, (3, 4), (5, 6, (7, 8, 9)))
5040 (1, 2, (3, 4, 5), (6, (7, 8, 9)))
5040 (1, 2, (3, 4, 5, (6, (7, 8, 9))))
7560 (1, 2, (3, 4, (5, 6, 7, (8, 9))))
3780 (1, 2, (3, 4, (5, (6, 7, 8, 9))))
5040 (1, 2, (3, (4, 5, 6, (7, 8, 9))))
3780 (1, (2, 3), (4, 5, (6, 7, 8, 9)))
5040 (1, (2, 3, 4), (5, 6, 7, (8, 9)))
2520 (1, (2, 3, 4), (5, (6, 7, 8, 9)))
3780 (1, (2, 3, 4, 5), (6, 7, (8, 9)))
5040 (1, (2, 3, 4, (5, 6, (7, 8, 9))))
3780 (1, (2, 3, (4, 5, (6, 7, 8, 9))))
1680 ((1, 2, 3), (4, 5, 6, (7, 8, 9)))
1260 ((1, 2, 3, 4), (5, 6, (7, 8, 9)))
x_{1}x_{2}y_{2}y_{3}
7560 (1, 2, 3, (4, 5, (6, 7, (8, 9))))
5040 (1, 2, 3, (4, (5, 6, (7, 8, 9))))
7560 (1, 2, (3, 4), (5, 6, (7, 8, 9)))
5040 (1, 2, (3, 4, 5), (6, (7, 8, 9)))
5040 (1, 2, (3, 4, 5, (6, (7, 8, 9))))
7560 (1, 2, (3, 4, (5, 6, 7, (8, 9))))
3780 (1, 2, (3, 4, (5, (6, 7, 8, 9))))
5040 (1, 2, (3, (4, 5, 6, (7, 8, 9))))
3780 (1, (2, 3), (4, 5, (6, 7, 8, 9)))
5040 (1, (2, 3, 4), (5, 6, 7, (8, 9)))
2520 (1, (2, 3, 4), (5, (6, 7, 8, 9)))
3780 (1, (2, 3, 4, 5), (6, 7, (8, 9)))
5040 (1, (2, 3, 4, (5, 6, (7, 8, 9))))
3780 (1, (2, 3, (4, 5, (6, 7, 8, 9))))
1680 ((1, 2, 3), (4, 5, 6, (7, 8, 9)))
1260 ((1, 2, 3, 4), (5, 6, (7, 8, 9)))
x_{1}x_{3}y_{2}^{2}
5040 (1, 2, 3, (4, 5, (6, (7, 8, 9))))
7560 (1, 2, (3, 4, 5), (6, 7, (8, 9)))
7560 (1, 2, (3, 4, 5, (6, 7, (8, 9))))
3780 (1, 2, (3, (4, 5, (6, 7, 8, 9))))
5040 (1, (2, 3), (4, 5, 6, (7, 8, 9)))
2520 (1, (2, 3, 4, 5), (6, (7, 8, 9)))
5040 (1, (2, 3, (4, 5, 6, (7, 8, 9))))
1260 ((1, 2, 3), (4, 5, (6, 7, 8, 9)))
x_{2}^{2}y_{1}y_{3}
5040 (1, 2, 3, (4, 5, (6, (7, 8, 9))))
7560 (1, 2, (3, 4, 5), (6, 7, (8, 9)))
7560 (1, 2, (3, 4, 5, (6, 7, (8, 9))))
3780 (1, 2, (3, (4, 5, (6, 7, 8, 9))))
5040 (1, (2, 3), (4, 5, 6, (7, 8, 9)))
2520 (1, (2, 3, 4, 5), (6, (7, 8, 9)))
5040 (1, (2, 3, (4, 5, 6, (7, 8, 9))))
1260 ((1, 2, 3), (4, 5, (6, 7, 8, 9)))
x_{1}^{2}x_{3}y_{1}y_{2}
15120 (1, 2, 3, (4, 5, (6, (7, (8, 9)))))
15120 (1, 2, 3, (4, (5, 6), (7, (8, 9))))
15120 (1, 2, 3, (4, (5, (6, 7, (8, 9)))))
5040 (1, 2, 3, ((4, 5), (6, (7, 8, 9))))
11340 (1, 2, (3, 4), (5, (6, 7), (8, 9)))
3780 (1, 2, (3, 4, 5), ((6, 7), (8, 9)))
3780 (1, 2, (3, 4, 5, ((6, 7), (8, 9))))
22680 (1, 2, (3, 4, (5, 6)), (7, (8, 9)))
3780 (1, 2, (3, ((4, 5), (6, 7, 8, 9))))
15120 (1, (2, 3), (4, 5, 6, (7, (8, 9))))
7560 (1, (2, 3), (4, (5, (6, 7, 8, 9))))
7560 (1, (2, 3, 4, 5), (6, (7, (8, 9))))
7560 (1, (2, 3, 4, (5, (6, 7), (8, 9))))
15120 (1, (2, 3, (4, 5, 6, (7, (8, 9)))))
7560 (1, (2, 3, (4, (5, (6, 7, 8, 9)))))
15120 (1, (2, (3, 4), (5, 6, 7, (8, 9))))
7560 (1, (2, (3, 4, 5, 6), (7, (8, 9))))
15120 (1, (2, (3, 4, 5, (6, 7, (8, 9)))))
7560 (1, (2, (3, (4, 5), (6, 7, 8, 9))))
7560 (1, (2, (3, (4, 5, (6, 7, 8, 9)))))
5040 (1, ((2, 3), (4, 5, 6, (7, 8, 9))))
2520 (1, ((2, 3, 4, 5), (6, (7, 8, 9))))
3780 ((1, 2), (3, 4), (5, 6, 7, (8, 9)))
3780 ((1, 2), (3, 4, 5, 6), (7, (8, 9)))
7560 ((1, 2), (3, 4, 5, (6, 7, (8, 9))))
3780 ((1, 2), (3, (4, 5), (6, 7, 8, 9)))
3780 ((1, 2), (3, (4, 5, (6, 7, 8, 9))))
1260 ((1, 2, 3), ((4, 5), (6, 7, 8, 9)))
3780 ((1, 2, 3, 4), (5, (6, 7, (8, 9))))
3780 ((1, 2, (3, 4)), (5, (6, 7, 8, 9)))
3780 ((1, 2, (3, 4, 5, 6)), (7, (8, 9)))
x_{1}x_{2}y_{1}^{2}y_{3}
15120 (1, 2, 3, (4, 5, (6, (7, (8, 9)))))
15120 (1, 2, 3, (4, (5, 6), (7, (8, 9))))
15120 (1, 2, 3, (4, (5, (6, 7, (8, 9)))))
5040 (1, 2, 3, ((4, 5), (6, (7, 8, 9))))
11340 (1, 2, (3, 4), (5, (6, 7), (8, 9)))
3780 (1, 2, (3, 4, 5), ((6, 7), (8, 9)))
3780 (1, 2, (3, 4, 5, ((6, 7), (8, 9))))
22680 (1, 2, (3, 4, (5, 6)), (7, (8, 9)))
3780 (1, 2, (3, ((4, 5), (6, 7, 8, 9))))
15120 (1, (2, 3), (4, 5, 6, (7, (8, 9))))
7560 (1, (2, 3), (4, (5, (6, 7, 8, 9))))
7560 (1, (2, 3, 4, 5), (6, (7, (8, 9))))
7560 (1, (2, 3, 4, (5, (6, 7), (8, 9))))
15120 (1, (2, 3, (4, 5, 6, (7, (8, 9)))))
7560 (1, (2, 3, (4, (5, (6, 7, 8, 9)))))
15120 (1, (2, (3, 4), (5, 6, 7, (8, 9))))
7560 (1, (2, (3, 4, 5, 6), (7, (8, 9))))
15120 (1, (2, (3, 4, 5, (6, 7, (8, 9)))))
7560 (1, (2, (3, (4, 5), (6, 7, 8, 9))))
7560 (1, (2, (3, (4, 5, (6, 7, 8, 9)))))
5040 (1, ((2, 3), (4, 5, 6, (7, 8, 9))))
2520 (1, ((2, 3, 4, 5), (6, (7, 8, 9))))
3780 ((1, 2), (3, 4), (5, 6, 7, (8, 9)))
3780 ((1, 2), (3, 4, 5, 6), (7, (8, 9)))
7560 ((1, 2), (3, 4, 5, (6, 7, (8, 9))))
3780 ((1, 2), (3, (4, 5), (6, 7, 8, 9)))
3780 ((1, 2), (3, (4, 5, (6, 7, 8, 9))))
1260 ((1, 2, 3), ((4, 5), (6, 7, 8, 9)))
3780 ((1, 2, 3, 4), (5, (6, 7, (8, 9))))
3780 ((1, 2, (3, 4)), (5, (6, 7, 8, 9)))
3780 ((1, 2, (3, 4, 5, 6)), (7, (8, 9)))
x_{1}x_{3}y_{1}^{2}y_{2}
3780 (1, 2, 3, (4, 5, ((6, 7), (8, 9))))
5040 (1, 2, 3, (4, ((5, 6), (7, 8, 9))))
22680 (1, 2, (3, 4), (5, 6, (7, (8, 9))))
15120 (1, 2, (3, 4), (5, (6, (7, 8, 9))))
15120 (1, 2, (3, 4, 5), (6, (7, (8, 9))))
15120 (1, 2, (3, 4, 5, (6, (7, (8, 9)))))
22680 (1, 2, (3, 4, (5, 6), (7, (8, 9))))
15120 (1, 2, (3, (4, (5, 6, 7, (8, 9)))))
3780 (1, 2, ((3, 4), (5, (6, 7, 8, 9))))
11340 (1, (2, 3), (4, 5), (6, 7, (8, 9)))
15120 (1, (2, 3), (4, 5, 6), (7, (8, 9)))
11340 (1, (2, 3), (4, 5, (6, 7), (8, 9)))
1890 (1, (2, 3, 4, 5), ((6, 7), (8, 9)))
15120 (1, (2, 3, 4, (5, 6)), (7, (8, 9)))
15120 (1, (2, 3, 4, (5, 6, (7, (8, 9)))))
10080 (1, (2, 3, 4, (5, (6, (7, 8, 9)))))
22680 (1, (2, 3, (4, 5), (6, 7, (8, 9))))
15120 (1, (2, 3, (4, 5, 6), (7, (8, 9))))
11340 (1, (2, 3, (4, 5, (6, 7), (8, 9))))
15120 (1, (2, (3, 4, (5, 6), (7, 8, 9))))
15120 (1, (2, (3, 4, (5, 6, 7, (8, 9)))))
10080 (1, (2, (3, (4, 5, 6, (7, 8, 9)))))
3780 (1, ((2, 3), (4, 5, (6, 7, 8, 9))))
2520 (1, ((2, 3, 4), (5, (6, 7, 8, 9))))
7560 ((1, 2), (3, 4, (5, 6), (7, 8, 9)))
7560 ((1, 2), (3, 4, (5, 6, 7, (8, 9))))
5040 ((1, 2), (3, (4, 5, 6, (7, 8, 9))))
5040 ((1, 2, 3), (4, (5, 6, 7, (8, 9))))
1260 ((1, 2, 3, 4), ((5, 6), (7, 8, 9)))
5040 ((1, 2, 3, (4, 5)), (6, (7, 8, 9)))
5040 ((1, 2, 3, (4, 5, 6)), (7, (8, 9)))
x_{1}^{2}x_{2}y_{1}y_{3}
3780 (1, 2, 3, (4, 5, ((6, 7), (8, 9))))
5040 (1, 2, 3, (4, ((5, 6), (7, 8, 9))))
22680 (1, 2, (3, 4), (5, 6, (7, (8, 9))))
15120 (1, 2, (3, 4), (5, (6, (7, 8, 9))))
15120 (1, 2, (3, 4, 5), (6, (7, (8, 9))))
15120 (1, 2, (3, 4, 5, (6, (7, (8, 9)))))
22680 (1, 2, (3, 4, (5, 6), (7, (8, 9))))
15120 (1, 2, (3, (4, (5, 6, 7, (8, 9)))))
3780 (1, 2, ((3, 4), (5, (6, 7, 8, 9))))
11340 (1, (2, 3), (4, 5), (6, 7, (8, 9)))
15120 (1, (2, 3), (4, 5, 6), (7, (8, 9)))
11340 (1, (2, 3), (4, 5, (6, 7), (8, 9)))
1890 (1, (2, 3, 4, 5), ((6, 7), (8, 9)))
15120 (1, (2, 3, 4, (5, 6)), (7, (8, 9)))
15120 (1, (2, 3, 4, (5, 6, (7, (8, 9)))))
10080 (1, (2, 3, 4, (5, (6, (7, 8, 9)))))
22680 (1, (2, 3, (4, 5), (6, 7, (8, 9))))
15120 (1, (2, 3, (4, 5, 6), (7, (8, 9))))
11340 (1, (2, 3, (4, 5, (6, 7), (8, 9))))
15120 (1, (2, (3, 4, (5, 6), (7, 8, 9))))
15120 (1, (2, (3, 4, (5, 6, 7, (8, 9)))))
10080 (1, (2, (3, (4, 5, 6, (7, 8, 9)))))
3780 (1, ((2, 3), (4, 5, (6, 7, 8, 9))))
2520 (1, ((2, 3, 4), (5, (6, 7, 8, 9))))
7560 ((1, 2), (3, 4, (5, 6), (7, 8, 9)))
7560 ((1, 2), (3, 4, (5, 6, 7, (8, 9))))
5040 ((1, 2), (3, (4, 5, 6, (7, 8, 9))))
5040 ((1, 2, 3), (4, (5, 6, 7, (8, 9))))
1260 ((1, 2, 3, 4), ((5, 6), (7, 8, 9)))
5040 ((1, 2, 3, (4, 5)), (6, (7, 8, 9)))
5040 ((1, 2, 3, (4, 5, 6)), (7, (8, 9)))
x_{1}x_{2}x_{3}y_{2}
5040 (1, 2, 3, (4, (5, 6), (7, 8, 9)))
3780 (1, 2, (3, (4, 5), (6, 7, 8, 9)))
2520 (1, (2, (3, 4, 5), (6, 7, 8, 9)))
1260 ((1, 2), (3, 4, 5), (6, 7, 8, 9))
x_{2}y_{1}y_{2}y_{3}
5040 (1, 2, 3, (4, (5, 6), (7, 8, 9)))
3780 (1, 2, (3, (4, 5), (6, 7, 8, 9)))
2520 (1, (2, (3, 4, 5), (6, 7, 8, 9)))
1260 ((1, 2), (3, 4, 5), (6, 7, 8, 9))
x_{3}^{2}y_{1}^{2}
5040 (1, 2, 3, (4, (5, 6, 7, (8, 9))))
3780 (1, 2, (3, 4), (5, (6, 7, 8, 9)))
2520 (1, (2, 3, 4, (5, (6, 7, 8, 9))))
1260 ((1, 2, 3, 4), (5, 6, 7, (8, 9)))
x_{1}^{2}y_{3}^{2}
5040 (1, 2, 3, (4, (5, 6, 7, (8, 9))))
3780 (1, 2, (3, 4), (5, (6, 7, 8, 9)))
2520 (1, (2, 3, 4, (5, (6, 7, 8, 9))))
1260 ((1, 2, 3, 4), (5, 6, 7, (8, 9)))
x_{1}x_{2}x_{3}y_{1}^{2}
15120 (1, 2, 3, (4, (5, 6, (7, (8, 9)))))
10080 (1, 2, 3, (4, (5, (6, (7, 8, 9)))))
7560 (1, 2, 3, ((4, 5), (6, 7, (8, 9))))
5040 (1, 2, 3, ((4, 5, 6), (7, (8, 9))))
7560 (1, 2, (3, 4), ((5, 6), (7, 8, 9)))
15120 (1, 2, (3, (4, 5)), (6, (7, 8, 9)))
15120 (1, 2, (3, (4, 5, 6, (7, (8, 9)))))
7560 (1, 2, (3, (4, (5, (6, 7, 8, 9)))))
7560 (1, 2, ((3, 4), (5, 6, 7, (8, 9))))
3780 (1, 2, ((3, 4, 5, 6), (7, (8, 9))))
3780 (1, (2, 3), ((4, 5), (6, 7, 8, 9)))
5040 (1, (2, 3, 4, ((5, 6), (7, 8, 9))))
3780 (1, (2, 3, ((4, 5), (6, 7, 8, 9))))
7560 (1, (2, (3, 4)), (5, (6, 7, 8, 9)))
10080 (1, (2, (3, 4, 5, (6, (7, 8, 9)))))
7560 (1, (2, (3, 4, (5, (6, 7, 8, 9)))))
2520 (1, (2, ((3, 4, 5), (6, 7, 8, 9))))
5040 (1, ((2, 3, 4), (5, 6, 7, (8, 9))))
3780 (1, ((2, 3, 4, 5), (6, 7, (8, 9))))
5040 ((1, 2), (3, 4, 5, (6, (7, 8, 9))))
3780 ((1, 2), (3, 4, (5, (6, 7, 8, 9))))
1260 ((1, 2), ((3, 4, 5), (6, 7, 8, 9)))
5040 ((1, 2, 3), (4, 5, 6, (7, (8, 9))))
2520 ((1, 2, 3), (4, (5, (6, 7, 8, 9))))
3780 ((1, 2, 3, 4), (5, 6, (7, (8, 9))))
2520 ((1, 2, 3, 4), (5, (6, (7, 8, 9))))
2520 ((1, (2, 3, 4)), (5, (6, 7, 8, 9)))
x_{1}^{2}y_{1}y_{2}y_{3}
15120 (1, 2, 3, (4, (5, 6, (7, (8, 9)))))
10080 (1, 2, 3, (4, (5, (6, (7, 8, 9)))))
7560 (1, 2, 3, ((4, 5), (6, 7, (8, 9))))
5040 (1, 2, 3, ((4, 5, 6), (7, (8, 9))))
7560 (1, 2, (3, 4), ((5, 6), (7, 8, 9)))
15120 (1, 2, (3, (4, 5)), (6, (7, 8, 9)))
15120 (1, 2, (3, (4, 5, 6, (7, (8, 9)))))
7560 (1, 2, (3, (4, (5, (6, 7, 8, 9)))))
7560 (1, 2, ((3, 4), (5, 6, 7, (8, 9))))
3780 (1, 2, ((3, 4, 5, 6), (7, (8, 9))))
3780 (1, (2, 3), ((4, 5), (6, 7, 8, 9)))
5040 (1, (2, 3, 4, ((5, 6), (7, 8, 9))))
3780 (1, (2, 3, ((4, 5), (6, 7, 8, 9))))
7560 (1, (2, (3, 4)), (5, (6, 7, 8, 9)))
10080 (1, (2, (3, 4, 5, (6, (7, 8, 9)))))
7560 (1, (2, (3, 4, (5, (6, 7, 8, 9)))))
2520 (1, (2, ((3, 4, 5), (6, 7, 8, 9))))
5040 (1, ((2, 3, 4), (5, 6, 7, (8, 9))))
3780 (1, ((2, 3, 4, 5), (6, 7, (8, 9))))
5040 ((1, 2), (3, 4, 5, (6, (7, 8, 9))))
3780 ((1, 2), (3, 4, (5, (6, 7, 8, 9))))
1260 ((1, 2), ((3, 4, 5), (6, 7, 8, 9)))
5040 ((1, 2, 3), (4, 5, 6, (7, (8, 9))))
2520 ((1, 2, 3), (4, (5, (6, 7, 8, 9))))
3780 ((1, 2, 3, 4), (5, 6, (7, (8, 9))))
2520 ((1, 2, 3, 4), (5, (6, (7, 8, 9))))
2520 ((1, (2, 3, 4)), (5, (6, 7, 8, 9)))
x_{2}x_{3}y_{1}^{3}
7560 (1, 2, 3, (4, (5, (6, 7), (8, 9))))
22680 (1, 2, (3, 4), (5, (6, 7, (8, 9))))
11340 (1, 2, (3, (4, 5, (6, 7), (8, 9))))
7560 (1, (2, 3), (4, 5), (6, (7, 8, 9)))
15120 (1, (2, 3), (4, (5, 6, 7, (8, 9))))
15120 (1, (2, 3, 4, (5, (6, 7, (8, 9)))))
15120 (1, (2, 3, (4, 5), (6, (7, 8, 9))))
15120 (1, (2, 3, (4, (5, 6, 7, (8, 9)))))
7560 (1, (2, (3, 4), (5, (6, 7, 8, 9))))
1890 ((1, 2), (3, 4), (5, (6, 7, 8, 9)))
3780 ((1, 2, 3), (4, 5, (6, 7), (8, 9)))
1890 ((1, 2, 3, 4), (5, (6, 7), (8, 9)))
7560 ((1, 2, 3, (4, 5)), (6, 7, (8, 9)))
x_{1}^{3}y_{2}y_{3}
7560 (1, 2, 3, (4, (5, (6, 7), (8, 9))))
22680 (1, 2, (3, 4), (5, (6, 7, (8, 9))))
11340 (1, 2, (3, (4, 5, (6, 7), (8, 9))))
7560 (1, (2, 3), (4, 5), (6, (7, 8, 9)))
15120 (1, (2, 3), (4, (5, 6, 7, (8, 9))))
15120 (1, (2, 3, 4, (5, (6, 7, (8, 9)))))
15120 (1, (2, 3, (4, 5), (6, (7, 8, 9))))
15120 (1, (2, 3, (4, (5, 6, 7, (8, 9)))))
7560 (1, (2, (3, 4), (5, (6, 7, 8, 9))))
1890 ((1, 2), (3, 4), (5, (6, 7, 8, 9)))
3780 ((1, 2, 3), (4, 5, (6, 7), (8, 9)))
1890 ((1, 2, 3, 4), (5, (6, 7), (8, 9)))
7560 ((1, 2, 3, (4, 5)), (6, 7, (8, 9)))
x_{1}^{2}x_{3}y_{1}^{3}
30240 (1, 2, 3, (4, (5, (6, (7, (8, 9))))))
15120 (1, 2, 3, (4, ((5, 6), (7, (8, 9)))))
3780 (1, 2, 3, ((4, 5), ((6, 7), (8, 9))))
7560 (1, 2, 3, ((4, (5, 6)), (7, (8, 9))))
45360 (1, 2, (3, 4), (5, (6, (7, (8, 9)))))
22680 (1, 2, (3, 4), ((5, 6), (7, (8, 9))))
45360 (1, 2, (3, (4, 5)), (6, (7, (8, 9))))
5670 (1, (2, 3), (4, 5), ((6, 7), (8, 9)))
22680 (1, (2, 3), (4, (5, 6)), (7, (8, 9)))
30240 (1, (2, 3, 4, (5, (6, (7, (8, 9))))))
15120 (1, (2, 3, 4, ((5, 6), (7, (8, 9)))))
11340 (1, (2, 3, (4, 5), ((6, 7), (8, 9))))
22680 (1, (2, 3, (4, (5, 6)), (7, (8, 9))))
30240 (1, (2, (3, 4, 5, (6, (7, (8, 9))))))
45360 (1, (2, (3, 4, (5, 6), (7, (8, 9)))))
30240 (1, (2, (3, (4, 5, 6, (7, (8, 9))))))
30240 (1, (2, (3, (4, (5, 6, 7, (8, 9))))))
15120 (1, (2, (3, (4, (5, (6, 7, 8, 9))))))
15120 (1, (2, ((3, 4), (5, 6, 7, (8, 9)))))
7560 (1, (2, ((3, 4), (5, (6, 7, 8, 9)))))
7560 (1, (2, ((3, 4, 5, 6), (7, (8, 9)))))
11340 (1, ((2, 3), (4, 5, (6, 7), (8, 9))))
3780 (1, ((2, 3), ((4, 5), (6, 7, 8, 9))))
1890 (1, ((2, 3, 4, 5), ((6, 7), (8, 9))))
15120 (1, ((2, 3, 4, (5, 6)), (7, (8, 9))))
7560 (1, ((2, (3, 4)), (5, (6, 7, 8, 9))))
15120 ((1, 2), (3, 4, 5, (6, (7, (8, 9)))))
22680 ((1, 2), (3, 4, (5, 6), (7, (8, 9))))
15120 ((1, 2), (3, (4, 5, 6, (7, (8, 9)))))
15120 ((1, 2), (3, (4, (5, 6, 7, (8, 9)))))
7560 ((1, 2), (3, (4, (5, (6, 7, 8, 9)))))
7560 ((1, 2), ((3, 4), (5, 6, 7, (8, 9))))
3780 ((1, 2), ((3, 4), (5, (6, 7, 8, 9))))
3780 ((1, 2), ((3, 4, 5, 6), (7, (8, 9))))
7560 ((1, 2, 3, 4), (5, (6, (7, (8, 9)))))
3780 ((1, 2, 3, 4), ((5, 6), (7, (8, 9))))
15120 ((1, 2, 3, (4, 5)), (6, (7, (8, 9))))
15120 ((1, 2, 3, (4, (5, 6))), (7, (8, 9)))
15120 ((1, (2, 3)), (4, (5, 6, 7, (8, 9))))
7560 ((1, (2, 3)), (4, (5, (6, 7, 8, 9))))
7560 ((1, (2, 3, 4, 5)), (6, (7, (8, 9))))
x_{1}^{3}y_{1}^{2}y_{3}
30240 (1, 2, 3, (4, (5, (6, (7, (8, 9))))))
15120 (1, 2, 3, (4, ((5, 6), (7, (8, 9)))))
3780 (1, 2, 3, ((4, 5), ((6, 7), (8, 9))))
7560 (1, 2, 3, ((4, (5, 6)), (7, (8, 9))))
45360 (1, 2, (3, 4), (5, (6, (7, (8, 9)))))
22680 (1, 2, (3, 4), ((5, 6), (7, (8, 9))))
45360 (1, 2, (3, (4, 5)), (6, (7, (8, 9))))
5670 (1, (2, 3), (4, 5), ((6, 7), (8, 9)))
22680 (1, (2, 3), (4, (5, 6)), (7, (8, 9)))
30240 (1, (2, 3, 4, (5, (6, (7, (8, 9))))))
15120 (1, (2, 3, 4, ((5, 6), (7, (8, 9)))))
11340 (1, (2, 3, (4, 5), ((6, 7), (8, 9))))
22680 (1, (2, 3, (4, (5, 6)), (7, (8, 9))))
30240 (1, (2, (3, 4, 5, (6, (7, (8, 9))))))
45360 (1, (2, (3, 4, (5, 6), (7, (8, 9)))))
30240 (1, (2, (3, (4, 5, 6, (7, (8, 9))))))
30240 (1, (2, (3, (4, (5, 6, 7, (8, 9))))))
15120 (1, (2, (3, (4, (5, (6, 7, 8, 9))))))
15120 (1, (2, ((3, 4), (5, 6, 7, (8, 9)))))
7560 (1, (2, ((3, 4), (5, (6, 7, 8, 9)))))
7560 (1, (2, ((3, 4, 5, 6), (7, (8, 9)))))
11340 (1, ((2, 3), (4, 5, (6, 7), (8, 9))))
3780 (1, ((2, 3), ((4, 5), (6, 7, 8, 9))))
1890 (1, ((2, 3, 4, 5), ((6, 7), (8, 9))))
15120 (1, ((2, 3, 4, (5, 6)), (7, (8, 9))))
7560 (1, ((2, (3, 4)), (5, (6, 7, 8, 9))))
15120 ((1, 2), (3, 4, 5, (6, (7, (8, 9)))))
22680 ((1, 2), (3, 4, (5, 6), (7, (8, 9))))
15120 ((1, 2), (3, (4, 5, 6, (7, (8, 9)))))
15120 ((1, 2), (3, (4, (5, 6, 7, (8, 9)))))
7560 ((1, 2), (3, (4, (5, (6, 7, 8, 9)))))
7560 ((1, 2), ((3, 4), (5, 6, 7, (8, 9))))
3780 ((1, 2), ((3, 4), (5, (6, 7, 8, 9))))
3780 ((1, 2), ((3, 4, 5, 6), (7, (8, 9))))
7560 ((1, 2, 3, 4), (5, (6, (7, (8, 9)))))
3780 ((1, 2, 3, 4), ((5, 6), (7, (8, 9))))
15120 ((1, 2, 3, (4, 5)), (6, (7, (8, 9))))
15120 ((1, 2, 3, (4, (5, 6))), (7, (8, 9)))
15120 ((1, (2, 3)), (4, (5, 6, 7, (8, 9))))
7560 ((1, (2, 3)), (4, (5, (6, 7, 8, 9))))
7560 ((1, (2, 3, 4, 5)), (6, (7, (8, 9))))
x_{1}^{3}x_{3}y_{1}^{2}
7560 (1, 2, 3, (4, (5, ((6, 7), (8, 9)))))
15120 (1, 2, 3, ((4, 5), (6, (7, (8, 9)))))
11340 (1, 2, (3, (4, 5)), ((6, 7), (8, 9)))
7560 (1, (2, (3, 4, 5, ((6, 7), (8, 9)))))
7560 (1, (2, (3, ((4, 5), (6, 7, 8, 9)))))
15120 (1, ((2, 3), (4, 5, 6, (7, (8, 9)))))
7560 (1, ((2, 3), (4, (5, (6, 7, 8, 9)))))
7560 (1, ((2, 3, 4, 5), (6, (7, (8, 9)))))
3780 ((1, 2), (3, 4, 5, ((6, 7), (8, 9))))
3780 ((1, 2), (3, ((4, 5), (6, 7, 8, 9))))
1890 ((1, 2, 3, 4), (5, ((6, 7), (8, 9))))
3780 ((1, (2, 3)), ((4, 5), (6, 7, 8, 9)))
1890 ((1, (2, 3, 4, 5)), ((6, 7), (8, 9)))
x_{1}^{2}y_{1}^{3}y_{3}
7560 (1, 2, 3, (4, (5, ((6, 7), (8, 9)))))
15120 (1, 2, 3, ((4, 5), (6, (7, (8, 9)))))
11340 (1, 2, (3, (4, 5)), ((6, 7), (8, 9)))
7560 (1, (2, (3, 4, 5, ((6, 7), (8, 9)))))
7560 (1, (2, (3, ((4, 5), (6, 7, 8, 9)))))
15120 (1, ((2, 3), (4, 5, 6, (7, (8, 9)))))
7560 (1, ((2, 3), (4, (5, (6, 7, 8, 9)))))
7560 (1, ((2, 3, 4, 5), (6, (7, (8, 9)))))
3780 ((1, 2), (3, 4, 5, ((6, 7), (8, 9))))
3780 ((1, 2), (3, ((4, 5), (6, 7, 8, 9))))
1890 ((1, 2, 3, 4), (5, ((6, 7), (8, 9))))
3780 ((1, (2, 3)), ((4, 5), (6, 7, 8, 9)))
1890 ((1, (2, 3, 4, 5)), ((6, 7), (8, 9)))
x_{1}^{3}x_{3}y_{2}
1260 (1, 2, 3, ((4, 5), (6, 7), (8, 9)))
1890 (1, ((2, 3), (4, 5), (6, 7, 8, 9)))
x_{2}y_{1}^{3}y_{3}
1260 (1, 2, 3, ((4, 5), (6, 7), (8, 9)))
1890 (1, ((2, 3), (4, 5), (6, 7, 8, 9)))
x_{1}x_{3}^{2}y_{1}
1260 (1, 2, 3, ((4, 5), (6, 7, 8, 9)))
315 (1, ((2, 3, 4, 5), (6, 7, 8, 9)))
x_{1}y_{1}y_{3}^{2}
1260 (1, 2, 3, ((4, 5), (6, 7, 8, 9)))
315 (1, ((2, 3, 4, 5), (6, 7, 8, 9)))
x_{2}^{2}x_{3}y_{1}
840 (1, 2, 3, ((4, 5, 6), (7, 8, 9)))
1260 (1, 2, ((3, 4, 5), (6, 7, 8, 9)))
x_{1}y_{2}^{2}y_{3}
840 (1, 2, 3, ((4, 5, 6), (7, 8, 9)))
1260 (1, 2, ((3, 4, 5), (6, 7, 8, 9)))
x_{4}y_{1}^{2}y_{2}
3780 (1, 2, (3, 4), (5, 6), (7, 8, 9))
3780 (1, 2, (3, 4, 5, (6, 7), (8, 9)))
5040 (1, (2, 3, 4, (5, 6), (7, 8, 9)))
x_{1}^{2}x_{2}y_{4}
3780 (1, 2, (3, 4), (5, 6), (7, 8, 9))
3780 (1, 2, (3, 4, 5, (6, 7), (8, 9)))
5040 (1, (2, 3, 4, (5, 6), (7, 8, 9)))
x_{1}x_{3}y_{1}^{4}
11340 (1, 2, (3, 4), (5, ((6, 7), (8, 9))))
22680 (1, (2, 3), (4, 5), (6, (7, (8, 9))))
7560 (1, (2, 3, 4, (5, ((6, 7), (8, 9)))))
45360 (1, (2, 3, (4, 5), (6, (7, (8, 9)))))
22680 (1, (2, (3, 4), (5, 6), (7, (8, 9))))
7560 (1, (2, (3, (4, 5), (6, 7), (8, 9))))
22680 (1, (2, (3, (4, 5, (6, 7), (8, 9)))))
15120 (1, ((2, 3), (4, (5, 6, 7, (8, 9)))))
3780 ((1, 2), (3, 4), (5, 6), (7, (8, 9)))
3780 ((1, 2), (3, (4, 5), (6, 7), (8, 9)))
11340 ((1, 2), (3, (4, 5, (6, 7), (8, 9))))
3780 ((1, 2, 3, (4, 5)), ((6, 7), (8, 9)))
11340 ((1, 2, (3, 4), (5, 6)), (7, (8, 9)))
x_{1}^{4}y_{1}y_{3}
11340 (1, 2, (3, 4), (5, ((6, 7), (8, 9))))
22680 (1, (2, 3), (4, 5), (6, (7, (8, 9))))
7560 (1, (2, 3, 4, (5, ((6, 7), (8, 9)))))
45360 (1, (2, 3, (4, 5), (6, (7, (8, 9)))))
22680 (1, (2, (3, 4), (5, 6), (7, (8, 9))))
7560 (1, (2, (3, (4, 5), (6, 7), (8, 9))))
22680 (1, (2, (3, (4, 5, (6, 7), (8, 9)))))
15120 (1, ((2, 3), (4, (5, 6, 7, (8, 9)))))
3780 ((1, 2), (3, 4), (5, 6), (7, (8, 9)))
3780 ((1, 2), (3, (4, 5), (6, 7), (8, 9)))
11340 ((1, 2), (3, (4, 5, (6, 7), (8, 9))))
3780 ((1, 2, 3, (4, 5)), ((6, 7), (8, 9)))
11340 ((1, 2, (3, 4), (5, 6)), (7, (8, 9)))
x_{1}x_{2}^{2}y_{3}
7560 (1, 2, (3, 4, (5, 6), (7, 8, 9)))
2520 (1, (2, 3), (4, 5, 6), (7, 8, 9))
2520 (1, (2, 3, (4, 5, 6), (7, 8, 9)))
x_{3}y_{1}y_{2}^{2}
7560 (1, 2, (3, 4, (5, 6), (7, 8, 9)))
2520 (1, (2, 3), (4, 5, 6), (7, 8, 9))
2520 (1, (2, 3, (4, 5, 6), (7, 8, 9)))
x_{2}^{2}y_{2}^{2}
7560 (1, 2, (3, 4, (5, 6, (7, 8, 9))))
7560 (1, 2, (3, 4, (5, 6, (7, 8, 9))))
5040 (1, (2, 3, 4), (5, 6, (7, 8, 9)))
5040 (1, (2, 3, 4), (5, 6, (7, 8, 9)))
x_{1}x_{2}^{2}y_{1}y_{2}
22680 (1, 2, (3, 4, (5, 6, (7, (8, 9)))))
15120 (1, 2, (3, 4, (5, (6, (7, 8, 9)))))
7560 (1, 2, (3, 4, ((5, 6), (7, 8, 9))))
22680 (1, 2, (3, (4, 5), (6, 7, (8, 9))))
15120 (1, 2, (3, (4, 5, 6), (7, (8, 9))))
22680 (1, 2, (3, (4, 5, (6, 7, (8, 9)))))
15120 (1, 2, (3, (4, (5, 6, (7, 8, 9)))))
2520 (1, 2, (3, ((4, 5, 6), (7, 8, 9))))
7560 (1, 2, ((3, 4), (5, 6, (7, 8, 9))))
5040 (1, 2, ((3, 4, 5), (6, (7, 8, 9))))
15120 (1, (2, 3), (4, 5, (6, (7, 8, 9))))
15120 (1, (2, 3), (4, (5, 6), (7, 8, 9)))
15120 (1, (2, 3, 4), (5, 6, (7, (8, 9))))
10080 (1, (2, 3, 4), (5, (6, (7, 8, 9))))
5040 (1, (2, 3, 4), ((5, 6), (7, 8, 9)))
15120 (1, (2, 3, (4, 5)), (6, (7, 8, 9)))
15120 (1, (2, 3, (4, 5, 6)), (7, (8, 9)))
15120 (1, (2, 3, (4, 5, (6, (7, 8, 9)))))
15120 (1, (2, 3, (4, (5, 6), (7, 8, 9))))
15120 (1, (2, (3, 4, 5), (6, 7, (8, 9))))
15120 (1, (2, (3, 4, (5, 6, (7, 8, 9)))))
5040 (1, (2, (3, (4, 5, 6), (7, 8, 9))))
5040 (1, ((2, 3, 4), (5, 6, (7, 8, 9))))
7560 ((1, 2), (3, 4, 5), (6, 7, (8, 9)))
7560 ((1, 2), (3, 4, (5, 6, (7, 8, 9))))
2520 ((1, 2), (3, (4, 5, 6), (7, 8, 9)))
2520 ((1, 2, 3), (4, 5, 6), (7, (8, 9)))
7560 ((1, 2, 3), (4, 5, (6, 7, (8, 9))))
5040 ((1, 2, 3), (4, (5, 6, (7, 8, 9))))
840 ((1, 2, 3), ((4, 5, 6), (7, 8, 9)))
5040 ((1, 2, (3, 4, 5)), (6, (7, 8, 9)))
x_{1}x_{2}y_{1}y_{2}^{2}
22680 (1, 2, (3, 4, (5, 6, (7, (8, 9)))))
15120 (1, 2, (3, 4, (5, (6, (7, 8, 9)))))
7560 (1, 2, (3, 4, ((5, 6), (7, 8, 9))))
22680 (1, 2, (3, (4, 5), (6, 7, (8, 9))))
15120 (1, 2, (3, (4, 5, 6), (7, (8, 9))))
22680 (1, 2, (3, (4, 5, (6, 7, (8, 9)))))
15120 (1, 2, (3, (4, (5, 6, (7, 8, 9)))))
2520 (1, 2, (3, ((4, 5, 6), (7, 8, 9))))
7560 (1, 2, ((3, 4), (5, 6, (7, 8, 9))))
5040 (1, 2, ((3, 4, 5), (6, (7, 8, 9))))
15120 (1, (2, 3), (4, 5, (6, (7, 8, 9))))
15120 (1, (2, 3), (4, (5, 6), (7, 8, 9)))
15120 (1, (2, 3, 4), (5, 6, (7, (8, 9))))
10080 (1, (2, 3, 4), (5, (6, (7, 8, 9))))
5040 (1, (2, 3, 4), ((5, 6), (7, 8, 9)))
15120 (1, (2, 3, (4, 5)), (6, (7, 8, 9)))
15120 (1, (2, 3, (4, 5, 6)), (7, (8, 9)))
15120 (1, (2, 3, (4, 5, (6, (7, 8, 9)))))
15120 (1, (2, 3, (4, (5, 6), (7, 8, 9))))
15120 (1, (2, (3, 4, 5), (6, 7, (8, 9))))
15120 (1, (2, (3, 4, (5, 6, (7, 8, 9)))))
5040 (1, (2, (3, (4, 5, 6), (7, 8, 9))))
5040 (1, ((2, 3, 4), (5, 6, (7, 8, 9))))
7560 ((1, 2), (3, 4, 5), (6, 7, (8, 9)))
7560 ((1, 2), (3, 4, (5, 6, (7, 8, 9))))
2520 ((1, 2), (3, (4, 5, 6), (7, 8, 9)))
2520 ((1, 2, 3), (4, 5, 6), (7, (8, 9)))
7560 ((1, 2, 3), (4, 5, (6, 7, (8, 9))))
5040 ((1, 2, 3), (4, (5, 6, (7, 8, 9))))
840 ((1, 2, 3), ((4, 5, 6), (7, 8, 9)))
5040 ((1, 2, (3, 4, 5)), (6, (7, 8, 9)))
x_{2}^{2}y_{1}^{2}y_{2}
11340 (1, 2, (3, 4, (5, (6, 7), (8, 9))))
22680 (1, 2, (3, 4, (5, (6, 7, (8, 9)))))
15120 (1, 2, (3, (4, 5), (6, (7, 8, 9))))
15120 (1, 2, (3, (4, (5, 6), (7, 8, 9))))
22680 (1, (2, 3), (4, 5, (6, 7, (8, 9))))
15120 (1, (2, 3), (4, (5, 6, (7, 8, 9))))
7560 (1, (2, 3, 4), (5, (6, 7), (8, 9)))
15120 (1, (2, 3, 4), (5, (6, 7, (8, 9))))
11340 (1, (2, 3, (4, 5)), (6, 7, (8, 9)))
22680 (1, (2, 3, (4, 5, (6, 7, (8, 9)))))
15120 (1, (2, 3, (4, (5, 6, (7, 8, 9)))))
15120 (1, (2, (3, 4), (5, 6, (7, 8, 9))))
10080 (1, (2, (3, 4, 5), (6, (7, 8, 9))))
3780 ((1, 2), (3, 4), (5, 6, (7, 8, 9)))
5040 ((1, 2), (3, 4, 5), (6, (7, 8, 9)))
5040 ((1, 2, 3), (4, (5, 6), (7, 8, 9)))
7560 ((1, 2, (3, 4)), (5, 6, (7, 8, 9)))
x_{1}^{2}x_{2}y_{2}^{2}
11340 (1, 2, (3, 4, (5, (6, 7), (8, 9))))
22680 (1, 2, (3, 4, (5, (6, 7, (8, 9)))))
15120 (1, 2, (3, (4, 5), (6, (7, 8, 9))))
15120 (1, 2, (3, (4, (5, 6), (7, 8, 9))))
22680 (1, (2, 3), (4, 5, (6, 7, (8, 9))))
15120 (1, (2, 3), (4, (5, 6, (7, 8, 9))))
7560 (1, (2, 3, 4), (5, (6, 7), (8, 9)))
15120 (1, (2, 3, 4), (5, (6, 7, (8, 9))))
11340 (1, (2, 3, (4, 5)), (6, 7, (8, 9)))
22680 (1, (2, 3, (4, 5, (6, 7, (8, 9)))))
15120 (1, (2, 3, (4, (5, 6, (7, 8, 9)))))
15120 (1, (2, (3, 4), (5, 6, (7, 8, 9))))
10080 (1, (2, (3, 4, 5), (6, (7, 8, 9))))
3780 ((1, 2), (3, 4), (5, 6, (7, 8, 9)))
5040 ((1, 2), (3, 4, 5), (6, (7, 8, 9)))
5040 ((1, 2, 3), (4, (5, 6), (7, 8, 9)))
7560 ((1, 2, (3, 4)), (5, 6, (7, 8, 9)))
x_{1}^{2}x_{2}y_{1}^{2}y_{2}
45360 (1, 2, (3, 4, (5, (6, (7, (8, 9))))))
45360 (1, 2, (3, 4, (5, (6, (7, (8, 9))))))
22680 (1, 2, (3, 4, ((5, 6), (7, (8, 9)))))
22680 (1, 2, (3, 4, ((5, 6), (7, (8, 9)))))
11340 (1, 2, (3, (4, 5), ((6, 7), (8, 9))))
11340 (1, 2, (3, (4, 5), ((6, 7), (8, 9))))
22680 (1, 2, (3, (4, (5, 6)), (7, (8, 9))))
22680 (1, 2, (3, (4, (5, 6)), (7, (8, 9))))
45360 (1, 2, (3, (4, (5, 6, (7, (8, 9))))))
45360 (1, 2, (3, (4, (5, 6, (7, (8, 9))))))
30240 (1, 2, (3, (4, (5, (6, (7, 8, 9))))))
30240 (1, 2, (3, (4, (5, (6, (7, 8, 9))))))
22680 (1, 2, (3, ((4, 5), (6, 7, (8, 9)))))
22680 (1, 2, (3, ((4, 5), (6, 7, (8, 9)))))
15120 (1, 2, (3, ((4, 5, 6), (7, (8, 9)))))
15120 (1, 2, (3, ((4, 5, 6), (7, (8, 9)))))
7560 (1, 2, ((3, 4), ((5, 6), (7, 8, 9))))
7560 (1, 2, ((3, 4), ((5, 6), (7, 8, 9))))
15120 (1, 2, ((3, (4, 5)), (6, (7, 8, 9))))
15120 (1, 2, ((3, (4, 5)), (6, (7, 8, 9))))
45360 (1, (2, 3), (4, 5, (6, (7, (8, 9)))))
45360 (1, (2, 3), (4, 5, (6, (7, (8, 9)))))
45360 (1, (2, 3), (4, (5, 6), (7, (8, 9))))
45360 (1, (2, 3), (4, (5, 6), (7, (8, 9))))
45360 (1, (2, 3), (4, (5, (6, 7, (8, 9)))))
45360 (1, (2, 3), (4, (5, (6, 7, (8, 9)))))
15120 (1, (2, 3), ((4, 5), (6, (7, 8, 9))))
15120 (1, (2, 3), ((4, 5), (6, (7, 8, 9))))
30240 (1, (2, 3, 4), (5, (6, (7, (8, 9)))))
30240 (1, (2, 3, 4), (5, (6, (7, (8, 9)))))
15120 (1, (2, 3, 4), ((5, 6), (7, (8, 9))))
15120 (1, (2, 3, 4), ((5, 6), (7, (8, 9))))
45360 (1, (2, 3, (4, 5)), (6, (7, (8, 9))))
45360 (1, (2, 3, (4, 5)), (6, (7, (8, 9))))
45360 (1, (2, 3, (4, 5, (6, (7, (8, 9))))))
45360 (1, (2, 3, (4, 5, (6, (7, (8, 9))))))
45360 (1, (2, 3, (4, (5, 6))), (7, (8, 9)))
45360 (1, (2, 3, (4, (5, 6))), (7, (8, 9)))
45360 (1, (2, 3, (4, (5, 6), (7, (8, 9)))))
45360 (1, (2, 3, (4, (5, 6), (7, (8, 9)))))
45360 (1, (2, 3, (4, (5, (6, 7, (8, 9))))))
45360 (1, (2, 3, (4, (5, (6, 7, (8, 9))))))
15120 (1, (2, 3, ((4, 5), (6, (7, 8, 9)))))
15120 (1, (2, 3, ((4, 5), (6, (7, 8, 9)))))
30240 (1, (2, (3, 4)), (5, (6, (7, 8, 9))))
30240 (1, (2, (3, 4)), (5, (6, (7, 8, 9))))
22680 (1, (2, (3, 4), (5, (6, 7), (8, 9))))
22680 (1, (2, (3, 4), (5, (6, 7), (8, 9))))
7560 (1, (2, (3, 4, 5), ((6, 7), (8, 9))))
7560 (1, (2, (3, 4, 5), ((6, 7), (8, 9))))
45360 (1, (2, (3, 4, (5, 6)), (7, (8, 9))))
45360 (1, (2, (3, 4, (5, 6)), (7, (8, 9))))
45360 (1, (2, (3, 4, (5, 6, (7, (8, 9))))))
45360 (1, (2, (3, 4, (5, 6, (7, (8, 9))))))
30240 (1, (2, (3, 4, (5, (6, (7, 8, 9))))))
30240 (1, (2, (3, 4, (5, (6, (7, 8, 9))))))
45360 (1, (2, (3, (4, 5), (6, 7, (8, 9)))))
45360 (1, (2, (3, (4, 5), (6, 7, (8, 9)))))
30240 (1, (2, (3, (4, 5, 6), (7, (8, 9)))))
30240 (1, (2, (3, (4, 5, 6), (7, (8, 9)))))
45360 (1, (2, (3, (4, 5, (6, 7, (8, 9))))))
45360 (1, (2, (3, (4, 5, (6, 7, (8, 9))))))
30240 (1, (2, (3, (4, (5, 6, (7, 8, 9))))))
30240 (1, (2, (3, (4, (5, 6, (7, 8, 9))))))
15120 (1, (2, ((3, 4), (5, 6, (7, 8, 9)))))
15120 (1, (2, ((3, 4), (5, 6, (7, 8, 9)))))
10080 (1, (2, ((3, 4, 5), (6, (7, 8, 9)))))
10080 (1, (2, ((3, 4, 5), (6, (7, 8, 9)))))
15120 (1, ((2, 3), (4, (5, 6), (7, 8, 9))))
15120 (1, ((2, 3), (4, (5, 6), (7, 8, 9))))
5040 (1, ((2, 3, 4), ((5, 6), (7, 8, 9))))
5040 (1, ((2, 3, 4), ((5, 6), (7, 8, 9))))
15120 (1, ((2, 3, (4, 5)), (6, (7, 8, 9))))
15120 (1, ((2, 3, (4, 5)), (6, (7, 8, 9))))
15120 (1, ((2, 3, (4, 5, 6)), (7, (8, 9))))
15120 (1, ((2, 3, (4, 5, 6)), (7, (8, 9))))
5670 ((1, 2), (3, 4), (5, (6, 7), (8, 9)))
5670 ((1, 2), (3, 4), (5, (6, 7), (8, 9)))
3780 ((1, 2), (3, 4, 5), ((6, 7), (8, 9)))
3780 ((1, 2), (3, 4, 5), ((6, 7), (8, 9)))
22680 ((1, 2), (3, 4, (5, 6)), (7, (8, 9)))
22680 ((1, 2), (3, 4, (5, 6)), (7, (8, 9)))
22680 ((1, 2), (3, 4, (5, 6, (7, (8, 9)))))
22680 ((1, 2), (3, 4, (5, 6, (7, (8, 9)))))
15120 ((1, 2), (3, 4, (5, (6, (7, 8, 9)))))
15120 ((1, 2), (3, 4, (5, (6, (7, 8, 9)))))
22680 ((1, 2), (3, (4, 5), (6, 7, (8, 9))))
22680 ((1, 2), (3, (4, 5), (6, 7, (8, 9))))
15120 ((1, 2), (3, (4, 5, 6), (7, (8, 9))))
15120 ((1, 2), (3, (4, 5, 6), (7, (8, 9))))
22680 ((1, 2), (3, (4, 5, (6, 7, (8, 9)))))
22680 ((1, 2), (3, (4, 5, (6, 7, (8, 9)))))
15120 ((1, 2), (3, (4, (5, 6, (7, 8, 9)))))
15120 ((1, 2), (3, (4, (5, 6, (7, 8, 9)))))
7560 ((1, 2), ((3, 4), (5, 6, (7, 8, 9))))
7560 ((1, 2), ((3, 4), (5, 6, (7, 8, 9))))
5040 ((1, 2), ((3, 4, 5), (6, (7, 8, 9))))
5040 ((1, 2), ((3, 4, 5), (6, (7, 8, 9))))
7560 ((1, 2, 3), (4, (5, 6)), (7, (8, 9)))
7560 ((1, 2, 3), (4, (5, 6)), (7, (8, 9)))
15120 ((1, 2, 3), (4, (5, 6, (7, (8, 9)))))
15120 ((1, 2, 3), (4, (5, 6, (7, (8, 9)))))
10080 ((1, 2, 3), (4, (5, (6, (7, 8, 9)))))
10080 ((1, 2, 3), (4, (5, (6, (7, 8, 9)))))
7560 ((1, 2, 3), ((4, 5), (6, 7, (8, 9))))
7560 ((1, 2, 3), ((4, 5), (6, 7, (8, 9))))
5040 ((1, 2, 3), ((4, 5, 6), (7, (8, 9))))
5040 ((1, 2, 3), ((4, 5, 6), (7, (8, 9))))
22680 ((1, 2, (3, 4)), (5, (6, 7, (8, 9))))
22680 ((1, 2, (3, 4)), (5, (6, 7, (8, 9))))
15120 ((1, 2, (3, 4, 5)), (6, (7, (8, 9))))
15120 ((1, 2, (3, 4, 5)), (6, (7, (8, 9))))
22680 ((1, 2, (3, 4, (5, 6))), (7, (8, 9)))
22680 ((1, 2, (3, 4, (5, 6))), (7, (8, 9)))
15120 ((1, 2, (3, (4, 5))), (6, (7, 8, 9)))
15120 ((1, 2, (3, (4, 5))), (6, (7, 8, 9)))
15120 ((1, (2, 3)), (4, (5, 6, (7, 8, 9))))
15120 ((1, (2, 3)), (4, (5, 6, (7, 8, 9))))
10080 ((1, (2, 3, 4)), (5, (6, (7, 8, 9))))
10080 ((1, (2, 3, 4)), (5, (6, (7, 8, 9))))
x_{1}^{3}x_{2}y_{1}y_{2}
11340 (1, 2, (3, 4, (5, ((6, 7), (8, 9)))))
45360 (1, 2, (3, (4, 5), (6, (7, (8, 9)))))
22680 (1, 2, (3, (4, (5, (6, 7), (8, 9)))))
11340 (1, 2, ((3, 4), (5, 6), (7, (8, 9))))
22680 (1, 2, ((3, 4), (5, (6, 7, (8, 9)))))
11340 (1, (2, 3), (4, 5, ((6, 7), (8, 9))))
15120 (1, (2, 3), (4, ((5, 6), (7, 8, 9))))
3780 (1, (2, 3), ((4, 5), (6, 7), (8, 9)))
7560 (1, (2, 3, 4), (5, ((6, 7), (8, 9))))
11340 (1, (2, 3, (4, 5)), ((6, 7), (8, 9)))
11340 (1, (2, 3, (4, 5, ((6, 7), (8, 9)))))
15120 (1, (2, 3, (4, ((5, 6), (7, 8, 9)))))
3780 (1, (2, 3, ((4, 5), (6, 7), (8, 9))))
22680 (1, (2, (3, 4)), (5, (6, 7), (8, 9)))
45360 (1, (2, (3, 4), (5, 6, (7, (8, 9)))))
30240 (1, (2, (3, 4), (5, (6, (7, 8, 9)))))
30240 (1, (2, (3, 4, 5), (6, (7, (8, 9)))))
22680 (1, (2, (3, 4, (5, (6, 7), (8, 9)))))
30240 (1, (2, (3, (4, (5, 6), (7, 8, 9)))))
7560 (1, (2, ((3, 4), (5, 6), (7, 8, 9))))
11340 (1, ((2, 3), (4, 5), (6, 7, (8, 9))))
15120 (1, ((2, 3), (4, 5, 6), (7, (8, 9))))
22680 (1, ((2, 3), (4, 5, (6, 7, (8, 9)))))
15120 (1, ((2, 3), (4, (5, 6, (7, 8, 9)))))
15120 (1, ((2, 3, 4), (5, (6, 7, (8, 9)))))
11340 ((1, 2), (3, 4), (5, 6, (7, (8, 9))))
7560 ((1, 2), (3, 4), (5, (6, (7, 8, 9))))
15120 ((1, 2), (3, 4, 5), (6, (7, (8, 9))))
11340 ((1, 2), (3, 4, (5, (6, 7), (8, 9))))
15120 ((1, 2), (3, (4, (5, 6), (7, 8, 9))))
3780 ((1, 2), ((3, 4), (5, 6), (7, 8, 9)))
7560 ((1, 2, 3), (4, (5, (6, 7), (8, 9))))
7560 ((1, 2, (3, 4)), ((5, 6), (7, 8, 9)))
3780 ((1, 2, (3, 4, 5)), ((6, 7), (8, 9)))
15120 ((1, (2, 3)), (4, (5, 6), (7, 8, 9)))
7560 ((1, (2, 3), (4, 5)), (6, (7, 8, 9)))
x_{1}x_{2}y_{1}^{3}y_{2}
11340 (1, 2, (3, 4, (5, ((6, 7), (8, 9)))))
45360 (1, 2, (3, (4, 5), (6, (7, (8, 9)))))
22680 (1, 2, (3, (4, (5, (6, 7), (8, 9)))))
11340 (1, 2, ((3, 4), (5, 6), (7, (8, 9))))
22680 (1, 2, ((3, 4), (5, (6, 7, (8, 9)))))
11340 (1, (2, 3), (4, 5, ((6, 7), (8, 9))))
15120 (1, (2, 3), (4, ((5, 6), (7, 8, 9))))
3780 (1, (2, 3), ((4, 5), (6, 7), (8, 9)))
7560 (1, (2, 3, 4), (5, ((6, 7), (8, 9))))
11340 (1, (2, 3, (4, 5)), ((6, 7), (8, 9)))
11340 (1, (2, 3, (4, 5, ((6, 7), (8, 9)))))
15120 (1, (2, 3, (4, ((5, 6), (7, 8, 9)))))
3780 (1, (2, 3, ((4, 5), (6, 7), (8, 9))))
22680 (1, (2, (3, 4)), (5, (6, 7), (8, 9)))
45360 (1, (2, (3, 4), (5, 6, (7, (8, 9)))))
30240 (1, (2, (3, 4), (5, (6, (7, 8, 9)))))
30240 (1, (2, (3, 4, 5), (6, (7, (8, 9)))))
22680 (1, (2, (3, 4, (5, (6, 7), (8, 9)))))
30240 (1, (2, (3, (4, (5, 6), (7, 8, 9)))))
7560 (1, (2, ((3, 4), (5, 6), (7, 8, 9))))
11340 (1, ((2, 3), (4, 5), (6, 7, (8, 9))))
15120 (1, ((2, 3), (4, 5, 6), (7, (8, 9))))
22680 (1, ((2, 3), (4, 5, (6, 7, (8, 9)))))
15120 (1, ((2, 3), (4, (5, 6, (7, 8, 9)))))
15120 (1, ((2, 3, 4), (5, (6, 7, (8, 9)))))
11340 ((1, 2), (3, 4), (5, 6, (7, (8, 9))))
7560 ((1, 2), (3, 4), (5, (6, (7, 8, 9))))
15120 ((1, 2), (3, 4, 5), (6, (7, (8, 9))))
11340 ((1, 2), (3, 4, (5, (6, 7), (8, 9))))
15120 ((1, 2), (3, (4, (5, 6), (7, 8, 9))))
3780 ((1, 2), ((3, 4), (5, 6), (7, 8, 9)))
7560 ((1, 2, 3), (4, (5, (6, 7), (8, 9))))
7560 ((1, 2, (3, 4)), ((5, 6), (7, 8, 9)))
3780 ((1, 2, (3, 4, 5)), ((6, 7), (8, 9)))
15120 ((1, (2, 3)), (4, (5, 6), (7, 8, 9)))
7560 ((1, (2, 3), (4, 5)), (6, (7, 8, 9)))
x_{1}^{3}x_{2}y_{3}
3780 (1, 2, (3, (4, 5), (6, 7), (8, 9)))
7560 (1, (2, (3, 4), (5, 6), (7, 8, 9)))
1260 ((1, 2), (3, 4), (5, 6), (7, 8, 9))
x_{3}y_{1}^{3}y_{2}
3780 (1, 2, (3, (4, 5), (6, 7), (8, 9)))
7560 (1, (2, (3, 4), (5, 6), (7, 8, 9)))
1260 ((1, 2), (3, 4), (5, 6), (7, 8, 9))
x_{2}^{3}y_{2}
2520 (1, 2, (3, (4, 5, 6), (7, 8, 9)))
280 ((1, 2, 3), (4, 5, 6), (7, 8, 9))
x_{2}y_{2}^{3}
2520 (1, 2, (3, (4, 5, 6), (7, 8, 9)))
280 ((1, 2, 3), (4, 5, 6), (7, 8, 9))
x_{2}^{3}y_{1}^{2}
15120 (1, 2, (3, (4, 5, (6, (7, 8, 9)))))
7560 (1, 2, ((3, 4, 5), (6, 7, (8, 9))))
2520 (1, (2, 3), ((4, 5, 6), (7, 8, 9)))
2520 (1, (2, 3, ((4, 5, 6), (7, 8, 9))))
5040 (1, (2, (3, 4, 5)), (6, (7, 8, 9)))
5040 ((1, 2, 3), (4, 5, (6, (7, 8, 9))))
x_{1}^{2}y_{2}^{3}
15120 (1, 2, (3, (4, 5, (6, (7, 8, 9)))))
7560 (1, 2, ((3, 4, 5), (6, 7, (8, 9))))
2520 (1, (2, 3), ((4, 5, 6), (7, 8, 9)))
2520 (1, (2, 3, ((4, 5, 6), (7, 8, 9))))
5040 (1, (2, (3, 4, 5)), (6, (7, 8, 9)))
5040 ((1, 2, 3), (4, 5, (6, (7, 8, 9))))
x_{1}x_{2}^{2}y_{1}^{3}
45360 (1, 2, (3, (4, 5, (6, (7, (8, 9))))))
45360 (1, 2, (3, (4, (5, 6), (7, (8, 9)))))
45360 (1, 2, (3, (4, (5, (6, 7, (8, 9))))))
15120 (1, 2, (3, ((4, 5), (6, (7, 8, 9)))))
11340 (1, 2, ((3, 4), (5, (6, 7), (8, 9))))
3780 (1, 2, ((3, 4, 5), ((6, 7), (8, 9))))
22680 (1, 2, ((3, 4, (5, 6)), (7, (8, 9))))
45360 (1, (2, 3), (4, (5, 6, (7, (8, 9)))))
30240 (1, (2, 3), (4, (5, (6, (7, 8, 9)))))
22680 (1, (2, 3), ((4, 5), (6, 7, (8, 9))))
15120 (1, (2, 3), ((4, 5, 6), (7, (8, 9))))
45360 (1, (2, 3, (4, (5, 6, (7, (8, 9))))))
30240 (1, (2, 3, (4, (5, (6, (7, 8, 9))))))
22680 (1, (2, 3, ((4, 5), (6, 7, (8, 9)))))
15120 (1, (2, 3, ((4, 5, 6), (7, (8, 9)))))
45360 (1, (2, (3, 4)), (5, (6, 7, (8, 9))))
15120 (1, (2, (3, 4), ((5, 6), (7, 8, 9))))
30240 (1, (2, (3, 4, 5)), (6, (7, (8, 9))))
45360 (1, (2, (3, 4, (5, (6, 7, (8, 9))))))
30240 (1, (2, (3, (4, 5)), (6, (7, 8, 9))))
30240 (1, (2, (3, (4, 5), (6, (7, 8, 9)))))
30240 (1, (2, (3, (4, 5, (6, (7, 8, 9))))))
15120 (1, (2, ((3, 4, 5), (6, 7, (8, 9)))))
2520 (1, ((2, 3), ((4, 5, 6), (7, 8, 9))))
7560 (1, ((2, 3, 4), (5, (6, 7), (8, 9))))
11340 (1, ((2, 3, (4, 5)), (6, 7, (8, 9))))
5040 (1, ((2, (3, 4, 5)), (6, (7, 8, 9))))
3780 ((1, 2), (3, 4), ((5, 6), (7, 8, 9)))
22680 ((1, 2), (3, 4, (5, (6, 7, (8, 9)))))
15120 ((1, 2), (3, (4, 5)), (6, (7, 8, 9)))
15120 ((1, 2), (3, (4, 5), (6, (7, 8, 9))))
15120 ((1, 2), (3, (4, 5, (6, (7, 8, 9)))))
7560 ((1, 2), ((3, 4, 5), (6, 7, (8, 9))))
15120 ((1, 2, 3), (4, 5, (6, (7, (8, 9)))))
15120 ((1, 2, 3), (4, (5, 6), (7, (8, 9))))
15120 ((1, 2, 3), (4, (5, (6, 7, (8, 9)))))
5040 ((1, 2, 3), ((4, 5), (6, (7, 8, 9))))
22680 ((1, 2, (3, 4)), (5, 6, (7, (8, 9))))
15120 ((1, 2, (3, 4)), (5, (6, (7, 8, 9))))
15120 ((1, 2, (3, (4, 5, 6))), (7, (8, 9)))
15120 ((1, (2, 3, 4)), (5, (6, 7, (8, 9))))
x_{1}^{3}y_{1}y_{2}^{2}
45360 (1, 2, (3, (4, 5, (6, (7, (8, 9))))))
45360 (1, 2, (3, (4, (5, 6), (7, (8, 9)))))
45360 (1, 2, (3, (4, (5, (6, 7, (8, 9))))))
15120 (1, 2, (3, ((4, 5), (6, (7, 8, 9)))))
11340 (1, 2, ((3, 4), (5, (6, 7), (8, 9))))
3780 (1, 2, ((3, 4, 5), ((6, 7), (8, 9))))
22680 (1, 2, ((3, 4, (5, 6)), (7, (8, 9))))
45360 (1, (2, 3), (4, (5, 6, (7, (8, 9)))))
30240 (1, (2, 3), (4, (5, (6, (7, 8, 9)))))
22680 (1, (2, 3), ((4, 5), (6, 7, (8, 9))))
15120 (1, (2, 3), ((4, 5, 6), (7, (8, 9))))
45360 (1, (2, 3, (4, (5, 6, (7, (8, 9))))))
30240 (1, (2, 3, (4, (5, (6, (7, 8, 9))))))
22680 (1, (2, 3, ((4, 5), (6, 7, (8, 9)))))
15120 (1, (2, 3, ((4, 5, 6), (7, (8, 9)))))
45360 (1, (2, (3, 4)), (5, (6, 7, (8, 9))))
15120 (1, (2, (3, 4), ((5, 6), (7, 8, 9))))
30240 (1, (2, (3, 4, 5)), (6, (7, (8, 9))))
45360 (1, (2, (3, 4, (5, (6, 7, (8, 9))))))
30240 (1, (2, (3, (4, 5)), (6, (7, 8, 9))))
30240 (1, (2, (3, (4, 5), (6, (7, 8, 9)))))
30240 (1, (2, (3, (4, 5, (6, (7, 8, 9))))))
15120 (1, (2, ((3, 4, 5), (6, 7, (8, 9)))))
2520 (1, ((2, 3), ((4, 5, 6), (7, 8, 9))))
7560 (1, ((2, 3, 4), (5, (6, 7), (8, 9))))
11340 (1, ((2, 3, (4, 5)), (6, 7, (8, 9))))
5040 (1, ((2, (3, 4, 5)), (6, (7, 8, 9))))
3780 ((1, 2), (3, 4), ((5, 6), (7, 8, 9)))
22680 ((1, 2), (3, 4, (5, (6, 7, (8, 9)))))
15120 ((1, 2), (3, (4, 5)), (6, (7, 8, 9)))
15120 ((1, 2), (3, (4, 5), (6, (7, 8, 9))))
15120 ((1, 2), (3, (4, 5, (6, (7, 8, 9)))))
7560 ((1, 2), ((3, 4, 5), (6, 7, (8, 9))))
15120 ((1, 2, 3), (4, 5, (6, (7, (8, 9)))))
15120 ((1, 2, 3), (4, (5, 6), (7, (8, 9))))
15120 ((1, 2, 3), (4, (5, (6, 7, (8, 9)))))
5040 ((1, 2, 3), ((4, 5), (6, (7, 8, 9))))
22680 ((1, 2, (3, 4)), (5, 6, (7, (8, 9))))
15120 ((1, 2, (3, 4)), (5, (6, (7, 8, 9))))
15120 ((1, 2, (3, (4, 5, 6))), (7, (8, 9)))
15120 ((1, (2, 3, 4)), (5, (6, 7, (8, 9))))
x_{1}^{2}x_{2}^{2}y_{1}^{2}
11340 (1, 2, (3, (4, 5, ((6, 7), (8, 9)))))
15120 (1, 2, (3, (4, ((5, 6), (7, 8, 9)))))
22680 (1, 2, ((3, 4), (5, 6, (7, (8, 9)))))
15120 (1, 2, ((3, 4), (5, (6, (7, 8, 9)))))
15120 (1, 2, ((3, 4, 5), (6, (7, (8, 9)))))
15120 (1, (2, (3, 4)), ((5, 6), (7, 8, 9)))
7560 (1, (2, (3, 4, 5)), ((6, 7), (8, 9)))
15120 (1, (2, (3, 4, ((5, 6), (7, 8, 9)))))
5040 (1, (2, (3, ((4, 5, 6), (7, 8, 9)))))
15120 (1, ((2, 3), (4, 5, (6, (7, 8, 9)))))
15120 (1, ((2, 3, 4), (5, 6, (7, (8, 9)))))
10080 (1, ((2, 3, 4), (5, (6, (7, 8, 9)))))
7560 ((1, 2), (3, 4, ((5, 6), (7, 8, 9))))
2520 ((1, 2), (3, ((4, 5, 6), (7, 8, 9))))
3780 ((1, 2, 3), (4, 5, ((6, 7), (8, 9))))
5040 ((1, 2, 3), (4, ((5, 6), (7, 8, 9))))
2520 ((1, (2, 3)), ((4, 5, 6), (7, 8, 9)))
5040 ((1, (2, 3, 4)), ((5, 6), (7, 8, 9)))
x_{1}^{2}y_{1}^{2}y_{2}^{2}
11340 (1, 2, (3, (4, 5, ((6, 7), (8, 9)))))
15120 (1, 2, (3, (4, ((5, 6), (7, 8, 9)))))
22680 (1, 2, ((3, 4), (5, 6, (7, (8, 9)))))
15120 (1, 2, ((3, 4), (5, (6, (7, 8, 9)))))
15120 (1, 2, ((3, 4, 5), (6, (7, (8, 9)))))
15120 (1, (2, (3, 4)), ((5, 6), (7, 8, 9)))
7560 (1, (2, (3, 4, 5)), ((6, 7), (8, 9)))
15120 (1, (2, (3, 4, ((5, 6), (7, 8, 9)))))
5040 (1, (2, (3, ((4, 5, 6), (7, 8, 9)))))
15120 (1, ((2, 3), (4, 5, (6, (7, 8, 9)))))
15120 (1, ((2, 3, 4), (5, 6, (7, (8, 9)))))
10080 (1, ((2, 3, 4), (5, (6, (7, 8, 9)))))
7560 ((1, 2), (3, 4, ((5, 6), (7, 8, 9))))
2520 ((1, 2), (3, ((4, 5, 6), (7, 8, 9))))
3780 ((1, 2, 3), (4, 5, ((6, 7), (8, 9))))
5040 ((1, 2, 3), (4, ((5, 6), (7, 8, 9))))
2520 ((1, (2, 3)), ((4, 5, 6), (7, 8, 9)))
5040 ((1, (2, 3, 4)), ((5, 6), (7, 8, 9)))
x_{1}^{3}x_{2}y_{1}^{3}
90720 (1, 2, (3, (4, (5, (6, (7, (8, 9)))))))
45360 (1, 2, (3, (4, ((5, 6), (7, (8, 9))))))
11340 (1, 2, (3, ((4, 5), ((6, 7), (8, 9)))))
22680 (1, 2, (3, ((4, (5, 6)), (7, (8, 9)))))
45360 (1, 2, ((3, 4), (5, (6, (7, (8, 9))))))
22680 (1, 2, ((3, 4), ((5, 6), (7, (8, 9)))))
45360 (1, 2, ((3, (4, 5)), (6, (7, (8, 9)))))
22680 (1, (2, 3), (4, (5, ((6, 7), (8, 9)))))
45360 (1, (2, 3), ((4, 5), (6, (7, (8, 9)))))
22680 (1, (2, 3, (4, (5, ((6, 7), (8, 9))))))
45360 (1, (2, 3, ((4, 5), (6, (7, (8, 9))))))
90720 (1, (2, (3, 4)), (5, (6, (7, (8, 9)))))
45360 (1, (2, (3, 4)), ((5, 6), (7, (8, 9))))
90720 (1, (2, (3, 4, (5, (6, (7, (8, 9)))))))
45360 (1, (2, (3, 4, ((5, 6), (7, (8, 9))))))
22680 (1, (2, (3, (4, 5))), ((6, 7), (8, 9)))
22680 (1, (2, (3, (4, 5)), ((6, 7), (8, 9))))
22680 (1, (2, (3, (4, 5), ((6, 7), (8, 9)))))
22680 (1, (2, (3, (4, 5, ((6, 7), (8, 9))))))
45360 (1, (2, (3, (4, (5, 6)), (7, (8, 9)))))
90720 (1, (2, (3, (4, (5, 6, (7, (8, 9)))))))
60480 (1, (2, (3, (4, (5, (6, (7, 8, 9)))))))
30240 (1, (2, (3, (4, ((5, 6), (7, 8, 9))))))
45360 (1, (2, (3, ((4, 5), (6, 7, (8, 9))))))
30240 (1, (2, (3, ((4, 5, 6), (7, (8, 9))))))
45360 (1, (2, ((3, 4), (5, 6, (7, (8, 9))))))
30240 (1, (2, ((3, 4), (5, (6, (7, 8, 9))))))
15120 (1, (2, ((3, 4), ((5, 6), (7, 8, 9)))))
30240 (1, (2, ((3, 4, 5), (6, (7, (8, 9))))))
30240 (1, (2, ((3, (4, 5)), (6, (7, 8, 9)))))
45360 (1, ((2, 3), (4, 5, (6, (7, (8, 9))))))
45360 (1, ((2, 3), (4, (5, 6), (7, (8, 9)))))
45360 (1, ((2, 3), (4, (5, (6, 7, (8, 9))))))
15120 (1, ((2, 3), ((4, 5), (6, (7, 8, 9)))))
30240 (1, ((2, 3, 4), (5, (6, (7, (8, 9))))))
15120 (1, ((2, 3, 4), ((5, 6), (7, (8, 9)))))
45360 (1, ((2, 3, (4, 5)), (6, (7, (8, 9)))))
45360 (1, ((2, 3, (4, (5, 6))), (7, (8, 9))))
30240 (1, ((2, (3, 4)), (5, (6, (7, 8, 9)))))
15120 (1, ((2, (3, 4)), ((5, 6), (7, 8, 9))))
7560 (1, ((2, (3, 4, 5)), ((6, 7), (8, 9))))
45360 ((1, 2), (3, 4, (5, (6, (7, (8, 9))))))
22680 ((1, 2), (3, 4, ((5, 6), (7, (8, 9)))))
11340 ((1, 2), (3, (4, 5)), ((6, 7), (8, 9)))
11340 ((1, 2), (3, (4, 5), ((6, 7), (8, 9))))
11340 ((1, 2), (3, (4, 5, ((6, 7), (8, 9)))))
22680 ((1, 2), (3, (4, (5, 6)), (7, (8, 9))))
45360 ((1, 2), (3, (4, (5, 6, (7, (8, 9))))))
30240 ((1, 2), (3, (4, (5, (6, (7, 8, 9))))))
15120 ((1, 2), (3, (4, ((5, 6), (7, 8, 9)))))
22680 ((1, 2), (3, ((4, 5), (6, 7, (8, 9)))))
15120 ((1, 2), (3, ((4, 5, 6), (7, (8, 9)))))
22680 ((1, 2), ((3, 4), (5, 6, (7, (8, 9)))))
15120 ((1, 2), ((3, 4), (5, (6, (7, 8, 9)))))
7560 ((1, 2), ((3, 4), ((5, 6), (7, 8, 9))))
15120 ((1, 2), ((3, 4, 5), (6, (7, (8, 9)))))
15120 ((1, 2), ((3, (4, 5)), (6, (7, 8, 9))))
30240 ((1, 2, 3), (4, (5, (6, (7, (8, 9))))))
15120 ((1, 2, 3), (4, ((5, 6), (7, (8, 9)))))
3780 ((1, 2, 3), ((4, 5), ((6, 7), (8, 9))))
7560 ((1, 2, 3), ((4, (5, 6)), (7, (8, 9))))
11340 ((1, 2, (3, 4)), (5, ((6, 7), (8, 9))))
45360 ((1, 2, (3, (4, 5))), (6, (7, (8, 9))))
11340 ((1, 2, ((3, 4), (5, 6))), (7, (8, 9)))
7560 ((1, (2, 3)), (4, (5, 6)), (7, (8, 9)))
45360 ((1, (2, 3)), (4, (5, 6, (7, (8, 9)))))
30240 ((1, (2, 3)), (4, (5, (6, (7, 8, 9)))))
15120 ((1, (2, 3)), (4, ((5, 6), (7, 8, 9))))
22680 ((1, (2, 3)), ((4, 5), (6, 7, (8, 9))))
15120 ((1, (2, 3)), ((4, 5, 6), (7, (8, 9))))
30240 ((1, (2, 3, 4)), (5, (6, (7, (8, 9)))))
15120 ((1, (2, 3, 4)), ((5, 6), (7, (8, 9))))
11340 ((1, (2, 3, (4, 5))), ((6, 7), (8, 9)))
30240 ((1, (2, (3, 4))), (5, (6, (7, 8, 9))))
15120 ((1, (2, (3, 4))), ((5, 6), (7, 8, 9)))
x_{1}^{3}y_{1}^{3}y_{2}
90720 (1, 2, (3, (4, (5, (6, (7, (8, 9)))))))
45360 (1, 2, (3, (4, ((5, 6), (7, (8, 9))))))
11340 (1, 2, (3, ((4, 5), ((6, 7), (8, 9)))))
22680 (1, 2, (3, ((4, (5, 6)), (7, (8, 9)))))
45360 (1, 2, ((3, 4), (5, (6, (7, (8, 9))))))
22680 (1, 2, ((3, 4), ((5, 6), (7, (8, 9)))))
45360 (1, 2, ((3, (4, 5)), (6, (7, (8, 9)))))
22680 (1, (2, 3), (4, (5, ((6, 7), (8, 9)))))
45360 (1, (2, 3), ((4, 5), (6, (7, (8, 9)))))
22680 (1, (2, 3, (4, (5, ((6, 7), (8, 9))))))
45360 (1, (2, 3, ((4, 5), (6, (7, (8, 9))))))
90720 (1, (2, (3, 4)), (5, (6, (7, (8, 9)))))
45360 (1, (2, (3, 4)), ((5, 6), (7, (8, 9))))
90720 (1, (2, (3, 4, (5, (6, (7, (8, 9)))))))
45360 (1, (2, (3, 4, ((5, 6), (7, (8, 9))))))
22680 (1, (2, (3, (4, 5))), ((6, 7), (8, 9)))
22680 (1, (2, (3, (4, 5)), ((6, 7), (8, 9))))
22680 (1, (2, (3, (4, 5), ((6, 7), (8, 9)))))
22680 (1, (2, (3, (4, 5, ((6, 7), (8, 9))))))
45360 (1, (2, (3, (4, (5, 6)), (7, (8, 9)))))
90720 (1, (2, (3, (4, (5, 6, (7, (8, 9)))))))
60480 (1, (2, (3, (4, (5, (6, (7, 8, 9)))))))
30240 (1, (2, (3, (4, ((5, 6), (7, 8, 9))))))
45360 (1, (2, (3, ((4, 5), (6, 7, (8, 9))))))
30240 (1, (2, (3, ((4, 5, 6), (7, (8, 9))))))
45360 (1, (2, ((3, 4), (5, 6, (7, (8, 9))))))
30240 (1, (2, ((3, 4), (5, (6, (7, 8, 9))))))
15120 (1, (2, ((3, 4), ((5, 6), (7, 8, 9)))))
30240 (1, (2, ((3, 4, 5), (6, (7, (8, 9))))))
30240 (1, (2, ((3, (4, 5)), (6, (7, 8, 9)))))
45360 (1, ((2, 3), (4, 5, (6, (7, (8, 9))))))
45360 (1, ((2, 3), (4, (5, 6), (7, (8, 9)))))
45360 (1, ((2, 3), (4, (5, (6, 7, (8, 9))))))
15120 (1, ((2, 3), ((4, 5), (6, (7, 8, 9)))))
30240 (1, ((2, 3, 4), (5, (6, (7, (8, 9))))))
15120 (1, ((2, 3, 4), ((5, 6), (7, (8, 9)))))
45360 (1, ((2, 3, (4, 5)), (6, (7, (8, 9)))))
45360 (1, ((2, 3, (4, (5, 6))), (7, (8, 9))))
30240 (1, ((2, (3, 4)), (5, (6, (7, 8, 9)))))
15120 (1, ((2, (3, 4)), ((5, 6), (7, 8, 9))))
7560 (1, ((2, (3, 4, 5)), ((6, 7), (8, 9))))
45360 ((1, 2), (3, 4, (5, (6, (7, (8, 9))))))
22680 ((1, 2), (3, 4, ((5, 6), (7, (8, 9)))))
11340 ((1, 2), (3, (4, 5)), ((6, 7), (8, 9)))
11340 ((1, 2), (3, (4, 5), ((6, 7), (8, 9))))
11340 ((1, 2), (3, (4, 5, ((6, 7), (8, 9)))))
22680 ((1, 2), (3, (4, (5, 6)), (7, (8, 9))))
45360 ((1, 2), (3, (4, (5, 6, (7, (8, 9))))))
30240 ((1, 2), (3, (4, (5, (6, (7, 8, 9))))))
15120 ((1, 2), (3, (4, ((5, 6), (7, 8, 9)))))
22680 ((1, 2), (3, ((4, 5), (6, 7, (8, 9)))))
15120 ((1, 2), (3, ((4, 5, 6), (7, (8, 9)))))
22680 ((1, 2), ((3, 4), (5, 6, (7, (8, 9)))))
15120 ((1, 2), ((3, 4), (5, (6, (7, 8, 9)))))
7560 ((1, 2), ((3, 4), ((5, 6), (7, 8, 9))))
15120 ((1, 2), ((3, 4, 5), (6, (7, (8, 9)))))
15120 ((1, 2), ((3, (4, 5)), (6, (7, 8, 9))))
30240 ((1, 2, 3), (4, (5, (6, (7, (8, 9))))))
15120 ((1, 2, 3), (4, ((5, 6), (7, (8, 9)))))
3780 ((1, 2, 3), ((4, 5), ((6, 7), (8, 9))))
7560 ((1, 2, 3), ((4, (5, 6)), (7, (8, 9))))
11340 ((1, 2, (3, 4)), (5, ((6, 7), (8, 9))))
45360 ((1, 2, (3, (4, 5))), (6, (7, (8, 9))))
11340 ((1, 2, ((3, 4), (5, 6))), (7, (8, 9)))
7560 ((1, (2, 3)), (4, (5, 6)), (7, (8, 9)))
45360 ((1, (2, 3)), (4, (5, 6, (7, (8, 9)))))
30240 ((1, (2, 3)), (4, (5, (6, (7, 8, 9)))))
15120 ((1, (2, 3)), (4, ((5, 6), (7, 8, 9))))
22680 ((1, (2, 3)), ((4, 5), (6, 7, (8, 9))))
15120 ((1, (2, 3)), ((4, 5, 6), (7, (8, 9))))
30240 ((1, (2, 3, 4)), (5, (6, (7, (8, 9)))))
15120 ((1, (2, 3, 4)), ((5, 6), (7, (8, 9))))
11340 ((1, (2, 3, (4, 5))), ((6, 7), (8, 9)))
30240 ((1, (2, (3, 4))), (5, (6, (7, 8, 9))))
15120 ((1, (2, (3, 4))), ((5, 6), (7, 8, 9)))
x_{1}^{2}x_{2}y_{1}^{4}
22680 (1, 2, (3, (4, (5, ((6, 7), (8, 9))))))
45360 (1, 2, (3, ((4, 5), (6, (7, (8, 9))))))
11340 (1, 2, ((3, (4, 5)), ((6, 7), (8, 9))))
90720 (1, (2, 3), (4, (5, (6, (7, (8, 9))))))
45360 (1, (2, 3), (4, ((5, 6), (7, (8, 9)))))
11340 (1, (2, 3), ((4, 5), ((6, 7), (8, 9))))
22680 (1, (2, 3), ((4, (5, 6)), (7, (8, 9))))
90720 (1, (2, 3, (4, (5, (6, (7, (8, 9)))))))
45360 (1, (2, 3, (4, ((5, 6), (7, (8, 9))))))
11340 (1, (2, 3, ((4, 5), ((6, 7), (8, 9)))))
22680 (1, (2, 3, ((4, (5, 6)), (7, (8, 9)))))
22680 (1, (2, (3, 4)), (5, ((6, 7), (8, 9))))
90720 (1, (2, (3, 4), (5, (6, (7, (8, 9))))))
45360 (1, (2, (3, 4), ((5, 6), (7, (8, 9)))))
22680 (1, (2, (3, 4, (5, ((6, 7), (8, 9))))))
45360 (1, (2, (3, (4, 5))), (6, (7, (8, 9))))
90720 (1, (2, (3, (4, 5)), (6, (7, (8, 9)))))
90720 (1, (2, (3, (4, 5), (6, (7, (8, 9))))))
90720 (1, (2, (3, (4, 5, (6, (7, (8, 9)))))))
90720 (1, (2, (3, (4, (5, 6), (7, (8, 9))))))
45360 (1, (2, (3, (4, (5, (6, 7), (8, 9))))))
90720 (1, (2, (3, (4, (5, (6, 7, (8, 9)))))))
30240 (1, (2, (3, ((4, 5), (6, (7, 8, 9))))))
22680 (1, (2, ((3, 4), (5, 6), (7, (8, 9)))))
22680 (1, (2, ((3, 4), (5, (6, 7), (8, 9)))))
45360 (1, (2, ((3, 4), (5, (6, 7, (8, 9))))))
7560 (1, (2, ((3, 4, 5), ((6, 7), (8, 9)))))
45360 (1, (2, ((3, 4, (5, 6)), (7, (8, 9)))))
5670 (1, ((2, 3), (4, 5), ((6, 7), (8, 9))))
22680 (1, ((2, 3), (4, (5, 6)), (7, (8, 9))))
45360 (1, ((2, 3), (4, (5, 6, (7, (8, 9))))))
30240 (1, ((2, 3), (4, (5, (6, (7, 8, 9))))))
3780 (1, ((2, 3), ((4, 5), (6, 7), (8, 9))))
22680 (1, ((2, 3), ((4, 5), (6, 7, (8, 9)))))
15120 (1, ((2, 3), ((4, 5, 6), (7, (8, 9)))))
11340 (1, ((2, 3, (4, 5)), ((6, 7), (8, 9))))
22680 (1, ((2, (3, 4)), (5, (6, 7), (8, 9))))
45360 (1, ((2, (3, 4)), (5, (6, 7, (8, 9)))))
30240 (1, ((2, (3, 4, 5)), (6, (7, (8, 9)))))
22680 ((1, 2), (3, 4), (5, (6, (7, (8, 9)))))
11340 ((1, 2), (3, 4), ((5, 6), (7, (8, 9))))
11340 ((1, 2), (3, 4, (5, ((6, 7), (8, 9)))))
45360 ((1, 2), (3, (4, 5)), (6, (7, (8, 9))))
45360 ((1, 2), (3, (4, 5), (6, (7, (8, 9)))))
45360 ((1, 2), (3, (4, 5, (6, (7, (8, 9))))))
45360 ((1, 2), (3, (4, (5, 6), (7, (8, 9)))))
22680 ((1, 2), (3, (4, (5, (6, 7), (8, 9)))))
45360 ((1, 2), (3, (4, (5, (6, 7, (8, 9))))))
15120 ((1, 2), (3, ((4, 5), (6, (7, 8, 9)))))
11340 ((1, 2), ((3, 4), (5, 6), (7, (8, 9))))
11340 ((1, 2), ((3, 4), (5, (6, 7), (8, 9))))
22680 ((1, 2), ((3, 4), (5, (6, 7, (8, 9)))))
3780 ((1, 2), ((3, 4, 5), ((6, 7), (8, 9))))
22680 ((1, 2), ((3, 4, (5, 6)), (7, (8, 9))))
7560 ((1, 2, 3), (4, (5, ((6, 7), (8, 9)))))
15120 ((1, 2, 3), ((4, 5), (6, (7, (8, 9)))))
45360 ((1, 2, (3, 4)), (5, (6, (7, (8, 9)))))
22680 ((1, 2, (3, 4)), ((5, 6), (7, (8, 9))))
11340 ((1, 2, (3, (4, 5))), ((6, 7), (8, 9)))
45360 ((1, 2, (3, (4, (5, 6)))), (7, (8, 9)))
45360 ((1, (2, 3)), (4, (5, 6), (7, (8, 9))))
22680 ((1, (2, 3)), (4, (5, (6, 7), (8, 9))))
45360 ((1, (2, 3)), (4, (5, (6, 7, (8, 9)))))
15120 ((1, (2, 3)), ((4, 5), (6, (7, 8, 9))))
22680 ((1, (2, 3), (4, 5)), (6, (7, (8, 9))))
7560 ((1, (2, 3, 4)), (5, ((6, 7), (8, 9))))
45360 ((1, (2, 3, (4, 5))), (6, (7, (8, 9))))
7560 ((1, (2, (3, 4, 5))), ((6, 7), (8, 9)))
x_{1}^{4}y_{1}^{2}y_{2}
22680 (1, 2, (3, (4, (5, ((6, 7), (8, 9))))))
45360 (1, 2, (3, ((4, 5), (6, (7, (8, 9))))))
11340 (1, 2, ((3, (4, 5)), ((6, 7), (8, 9))))
90720 (1, (2, 3), (4, (5, (6, (7, (8, 9))))))
45360 (1, (2, 3), (4, ((5, 6), (7, (8, 9)))))
11340 (1, (2, 3), ((4, 5), ((6, 7), (8, 9))))
22680 (1, (2, 3), ((4, (5, 6)), (7, (8, 9))))
90720 (1, (2, 3, (4, (5, (6, (7, (8, 9)))))))
45360 (1, (2, 3, (4, ((5, 6), (7, (8, 9))))))
11340 (1, (2, 3, ((4, 5), ((6, 7), (8, 9)))))
22680 (1, (2, 3, ((4, (5, 6)), (7, (8, 9)))))
22680 (1, (2, (3, 4)), (5, ((6, 7), (8, 9))))
90720 (1, (2, (3, 4), (5, (6, (7, (8, 9))))))
45360 (1, (2, (3, 4), ((5, 6), (7, (8, 9)))))
22680 (1, (2, (3, 4, (5, ((6, 7), (8, 9))))))
45360 (1, (2, (3, (4, 5))), (6, (7, (8, 9))))
90720 (1, (2, (3, (4, 5)), (6, (7, (8, 9)))))
90720 (1, (2, (3, (4, 5), (6, (7, (8, 9))))))
90720 (1, (2, (3, (4, 5, (6, (7, (8, 9)))))))
90720 (1, (2, (3, (4, (5, 6), (7, (8, 9))))))
45360 (1, (2, (3, (4, (5, (6, 7), (8, 9))))))
90720 (1, (2, (3, (4, (5, (6, 7, (8, 9)))))))
30240 (1, (2, (3, ((4, 5), (6, (7, 8, 9))))))
22680 (1, (2, ((3, 4), (5, 6), (7, (8, 9)))))
22680 (1, (2, ((3, 4), (5, (6, 7), (8, 9)))))
45360 (1, (2, ((3, 4), (5, (6, 7, (8, 9))))))
7560 (1, (2, ((3, 4, 5), ((6, 7), (8, 9)))))
45360 (1, (2, ((3, 4, (5, 6)), (7, (8, 9)))))
5670 (1, ((2, 3), (4, 5), ((6, 7), (8, 9))))
22680 (1, ((2, 3), (4, (5, 6)), (7, (8, 9))))
45360 (1, ((2, 3), (4, (5, 6, (7, (8, 9))))))
30240 (1, ((2, 3), (4, (5, (6, (7, 8, 9))))))
3780 (1, ((2, 3), ((4, 5), (6, 7), (8, 9))))
22680 (1, ((2, 3), ((4, 5), (6, 7, (8, 9)))))
15120 (1, ((2, 3), ((4, 5, 6), (7, (8, 9)))))
11340 (1, ((2, 3, (4, 5)), ((6, 7), (8, 9))))
22680 (1, ((2, (3, 4)), (5, (6, 7), (8, 9))))
45360 (1, ((2, (3, 4)), (5, (6, 7, (8, 9)))))
30240 (1, ((2, (3, 4, 5)), (6, (7, (8, 9)))))
22680 ((1, 2), (3, 4), (5, (6, (7, (8, 9)))))
11340 ((1, 2), (3, 4), ((5, 6), (7, (8, 9))))
11340 ((1, 2), (3, 4, (5, ((6, 7), (8, 9)))))
45360 ((1, 2), (3, (4, 5)), (6, (7, (8, 9))))
45360 ((1, 2), (3, (4, 5), (6, (7, (8, 9)))))
45360 ((1, 2), (3, (4, 5, (6, (7, (8, 9))))))
45360 ((1, 2), (3, (4, (5, 6), (7, (8, 9)))))
22680 ((1, 2), (3, (4, (5, (6, 7), (8, 9)))))
45360 ((1, 2), (3, (4, (5, (6, 7, (8, 9))))))
15120 ((1, 2), (3, ((4, 5), (6, (7, 8, 9)))))
11340 ((1, 2), ((3, 4), (5, 6), (7, (8, 9))))
11340 ((1, 2), ((3, 4), (5, (6, 7), (8, 9))))
22680 ((1, 2), ((3, 4), (5, (6, 7, (8, 9)))))
3780 ((1, 2), ((3, 4, 5), ((6, 7), (8, 9))))
22680 ((1, 2), ((3, 4, (5, 6)), (7, (8, 9))))
7560 ((1, 2, 3), (4, (5, ((6, 7), (8, 9)))))
15120 ((1, 2, 3), ((4, 5), (6, (7, (8, 9)))))
45360 ((1, 2, (3, 4)), (5, (6, (7, (8, 9)))))
22680 ((1, 2, (3, 4)), ((5, 6), (7, (8, 9))))
11340 ((1, 2, (3, (4, 5))), ((6, 7), (8, 9)))
45360 ((1, 2, (3, (4, (5, 6)))), (7, (8, 9)))
45360 ((1, (2, 3)), (4, (5, 6), (7, (8, 9))))
22680 ((1, (2, 3)), (4, (5, (6, 7), (8, 9))))
45360 ((1, (2, 3)), (4, (5, (6, 7, (8, 9)))))
15120 ((1, (2, 3)), ((4, 5), (6, (7, 8, 9))))
22680 ((1, (2, 3), (4, 5)), (6, (7, (8, 9))))
7560 ((1, (2, 3, 4)), (5, ((6, 7), (8, 9))))
45360 ((1, (2, 3, (4, 5))), (6, (7, (8, 9))))
7560 ((1, (2, (3, 4, 5))), ((6, 7), (8, 9)))
x_{2}^{2}y_{1}^{4}
3780 (1, 2, (3, ((4, 5), (6, 7), (8, 9))))
22680 (1, (2, 3), (4, (5, (6, 7), (8, 9))))
22680 (1, (2, 3, (4, (5, (6, 7), (8, 9)))))
45360 (1, (2, (3, 4), (5, (6, 7, (8, 9)))))
7560 (1, ((2, 3), (4, 5), (6, (7, 8, 9))))
11340 ((1, 2), (3, 4), (5, (6, 7, (8, 9))))
1260 ((1, 2, 3), ((4, 5), (6, 7), (8, 9)))
11340 ((1, 2, (3, 4)), (5, (6, 7), (8, 9)))
x_{1}^{4}y_{2}^{2}
3780 (1, 2, (3, ((4, 5), (6, 7), (8, 9))))
22680 (1, (2, 3), (4, (5, (6, 7), (8, 9))))
22680 (1, (2, 3, (4, (5, (6, 7), (8, 9)))))
45360 (1, (2, (3, 4), (5, (6, 7, (8, 9)))))
7560 (1, ((2, 3), (4, 5), (6, (7, 8, 9))))
11340 ((1, 2), (3, 4), (5, (6, 7, (8, 9))))
1260 ((1, 2, 3), ((4, 5), (6, 7), (8, 9)))
11340 ((1, 2, (3, 4)), (5, (6, 7), (8, 9)))
x_{1}^{2}x_{2}^{2}y_{2}
3780 (1, 2, ((3, 4), (5, 6), (7, 8, 9)))
2520 (1, ((2, 3), (4, 5, 6), (7, 8, 9)))
x_{2}y_{1}^{2}y_{2}^{2}
3780 (1, 2, ((3, 4), (5, 6), (7, 8, 9)))
2520 (1, ((2, 3), (4, 5, 6), (7, 8, 9)))
x_{1}^{4}x_{2}y_{1}^{2}
11340 (1, 2, ((3, 4), (5, ((6, 7), (8, 9)))))
2835 (1, ((2, 3), (4, 5)), ((6, 7), (8, 9)))
11340 (1, ((2, 3), (4, 5, ((6, 7), (8, 9)))))
15120 (1, ((2, 3), (4, ((5, 6), (7, 8, 9)))))
7560 (1, ((2, 3, 4), (5, ((6, 7), (8, 9)))))
3780 (((1, 2), (3, 4)), ((5, 6), (7, 8, 9)))
x_{1}^{2}y_{1}^{4}y_{2}
11340 (1, 2, ((3, 4), (5, ((6, 7), (8, 9)))))
2835 (1, ((2, 3), (4, 5)), ((6, 7), (8, 9)))
11340 (1, ((2, 3), (4, 5, ((6, 7), (8, 9)))))
15120 (1, ((2, 3), (4, ((5, 6), (7, 8, 9)))))
7560 (1, ((2, 3, 4), (5, ((6, 7), (8, 9)))))
3780 (((1, 2), (3, 4)), ((5, 6), (7, 8, 9)))
x_{4}y_{1}^{4}
945 (1, (2, 3), (4, 5), (6, 7), (8, 9))
3780 (1, (2, 3, (4, 5), (6, 7), (8, 9)))
x_{1}^{4}y_{4}
945 (1, (2, 3), (4, 5), (6, 7), (8, 9))
3780 (1, (2, 3, (4, 5), (6, 7), (8, 9)))
x_{1}^{5}y_{1}y_{2}
22680 (1, (2, (3, 4), (5, ((6, 7), (8, 9)))))
7560 (1, (2, (3, ((4, 5), (6, 7), (8, 9)))))
22680 (1, ((2, 3), (4, 5), (6, (7, (8, 9)))))
22680 (1, ((2, 3), (4, (5, (6, 7), (8, 9)))))
5670 ((1, 2), (3, 4), (5, ((6, 7), (8, 9))))
3780 ((1, 2), (3, ((4, 5), (6, 7), (8, 9))))
3780 ((1, (2, 3)), ((4, 5), (6, 7), (8, 9)))
5670 ((1, (2, 3), (4, 5)), ((6, 7), (8, 9)))
x_{1}x_{2}y_{1}^{5}
22680 (1, (2, (3, 4), (5, ((6, 7), (8, 9)))))
7560 (1, (2, (3, ((4, 5), (6, 7), (8, 9)))))
22680 (1, ((2, 3), (4, 5), (6, (7, (8, 9)))))
22680 (1, ((2, 3), (4, (5, (6, 7), (8, 9)))))
5670 ((1, 2), (3, 4), (5, ((6, 7), (8, 9))))
3780 ((1, 2), (3, ((4, 5), (6, 7), (8, 9))))
3780 ((1, (2, 3)), ((4, 5), (6, 7), (8, 9)))
5670 ((1, (2, 3), (4, 5)), ((6, 7), (8, 9)))
x_{1}^{4}y_{1}^{4}
181440 (1, (2, (3, (4, (5, (6, (7, (8, 9))))))))
181440 (1, (2, (3, (4, (5, (6, (7, (8, 9))))))))
90720 (1, (2, (3, (4, ((5, 6), (7, (8, 9)))))))
90720 (1, (2, (3, (4, ((5, 6), (7, (8, 9)))))))
22680 (1, (2, (3, ((4, 5), ((6, 7), (8, 9))))))
22680 (1, (2, (3, ((4, 5), ((6, 7), (8, 9))))))
45360 (1, (2, (3, ((4, (5, 6)), (7, (8, 9))))))
45360 (1, (2, (3, ((4, (5, 6)), (7, (8, 9))))))
90720 (1, (2, ((3, 4), (5, (6, (7, (8, 9)))))))
90720 (1, (2, ((3, 4), (5, (6, (7, (8, 9)))))))
45360 (1, (2, ((3, 4), ((5, 6), (7, (8, 9))))))
45360 (1, (2, ((3, 4), ((5, 6), (7, (8, 9))))))
90720 (1, (2, ((3, (4, 5)), (6, (7, (8, 9))))))
90720 (1, (2, ((3, (4, 5)), (6, (7, (8, 9))))))
22680 (1, ((2, 3), (4, (5, ((6, 7), (8, 9))))))
22680 (1, ((2, 3), (4, (5, ((6, 7), (8, 9))))))
45360 (1, ((2, 3), ((4, 5), (6, (7, (8, 9))))))
45360 (1, ((2, 3), ((4, 5), (6, (7, (8, 9))))))
90720 (1, ((2, (3, 4)), (5, (6, (7, (8, 9))))))
90720 (1, ((2, (3, 4)), (5, (6, (7, (8, 9))))))
45360 (1, ((2, (3, 4)), ((5, 6), (7, (8, 9)))))
45360 (1, ((2, (3, 4)), ((5, 6), (7, (8, 9)))))
22680 (1, ((2, (3, (4, 5))), ((6, 7), (8, 9))))
22680 (1, ((2, (3, (4, 5))), ((6, 7), (8, 9))))
90720 ((1, 2), (3, (4, (5, (6, (7, (8, 9)))))))
90720 ((1, 2), (3, (4, (5, (6, (7, (8, 9)))))))
45360 ((1, 2), (3, (4, ((5, 6), (7, (8, 9))))))
45360 ((1, 2), (3, (4, ((5, 6), (7, (8, 9))))))
11340 ((1, 2), (3, ((4, 5), ((6, 7), (8, 9)))))
11340 ((1, 2), (3, ((4, 5), ((6, 7), (8, 9)))))
22680 ((1, 2), (3, ((4, (5, 6)), (7, (8, 9)))))
22680 ((1, 2), (3, ((4, (5, 6)), (7, (8, 9)))))
45360 ((1, 2), ((3, 4), (5, (6, (7, (8, 9))))))
45360 ((1, 2), ((3, 4), (5, (6, (7, (8, 9))))))
22680 ((1, 2), ((3, 4), ((5, 6), (7, (8, 9)))))
22680 ((1, 2), ((3, 4), ((5, 6), (7, (8, 9)))))
45360 ((1, 2), ((3, (4, 5)), (6, (7, (8, 9)))))
45360 ((1, 2), ((3, (4, 5)), (6, (7, (8, 9)))))
90720 ((1, (2, 3)), (4, (5, (6, (7, (8, 9))))))
90720 ((1, (2, 3)), (4, (5, (6, (7, (8, 9))))))
45360 ((1, (2, 3)), (4, ((5, 6), (7, (8, 9)))))
45360 ((1, (2, 3)), (4, ((5, 6), (7, (8, 9)))))
11340 ((1, (2, 3)), ((4, 5), ((6, 7), (8, 9))))
11340 ((1, (2, 3)), ((4, 5), ((6, 7), (8, 9))))
22680 ((1, (2, 3)), ((4, (5, 6)), (7, (8, 9))))
22680 ((1, (2, 3)), ((4, (5, 6)), (7, (8, 9))))
90720 ((1, (2, (3, 4))), (5, (6, (7, (8, 9)))))
90720 ((1, (2, (3, 4))), (5, (6, (7, (8, 9)))))
45360 ((1, (2, (3, 4))), ((5, 6), (7, (8, 9))))
45360 ((1, (2, (3, 4))), ((5, 6), (7, (8, 9))))
5670 ((1, ((2, 3), (4, 5))), ((6, 7), (8, 9)))
5670 ((1, ((2, 3), (4, 5))), ((6, 7), (8, 9)))
x_{1}^{5}y_{1}^{3}
45360 (1, (2, (3, (4, (5, ((6, 7), (8, 9)))))))
90720 (1, (2, (3, ((4, 5), (6, (7, (8, 9)))))))
22680 (1, (2, ((3, 4), (5, ((6, 7), (8, 9))))))
22680 (1, (2, ((3, (4, 5)), ((6, 7), (8, 9)))))
90720 (1, ((2, 3), (4, (5, (6, (7, (8, 9)))))))
45360 (1, ((2, 3), (4, ((5, 6), (7, (8, 9))))))
11340 (1, ((2, 3), ((4, 5), ((6, 7), (8, 9)))))
22680 (1, ((2, 3), ((4, (5, 6)), (7, (8, 9)))))
22680 (1, ((2, (3, 4)), (5, ((6, 7), (8, 9)))))
45360 (1, ((2, (3, (4, 5))), (6, (7, (8, 9)))))
2835 (1, (((2, 3), (4, 5)), ((6, 7), (8, 9))))
22680 ((1, 2), (3, (4, (5, ((6, 7), (8, 9))))))
45360 ((1, 2), (3, ((4, 5), (6, (7, (8, 9))))))
11340 ((1, 2), ((3, 4), (5, ((6, 7), (8, 9)))))
11340 ((1, 2), ((3, (4, 5)), ((6, 7), (8, 9))))
22680 ((1, (2, 3)), (4, (5, ((6, 7), (8, 9)))))
45360 ((1, (2, 3)), ((4, 5), (6, (7, (8, 9)))))
22680 ((1, (2, (3, 4))), (5, ((6, 7), (8, 9))))
22680 ((1, (2, (3, (4, 5)))), ((6, 7), (8, 9)))
11340 (((1, 2), (3, 4)), ((5, 6), (7, (8, 9))))
x_{1}^{3}y_{1}^{5}
45360 (1, (2, (3, (4, (5, ((6, 7), (8, 9)))))))
90720 (1, (2, (3, ((4, 5), (6, (7, (8, 9)))))))
22680 (1, (2, ((3, 4), (5, ((6, 7), (8, 9))))))
22680 (1, (2, ((3, (4, 5)), ((6, 7), (8, 9)))))
90720 (1, ((2, 3), (4, (5, (6, (7, (8, 9)))))))
45360 (1, ((2, 3), (4, ((5, 6), (7, (8, 9))))))
11340 (1, ((2, 3), ((4, 5), ((6, 7), (8, 9)))))
22680 (1, ((2, 3), ((4, (5, 6)), (7, (8, 9)))))
22680 (1, ((2, (3, 4)), (5, ((6, 7), (8, 9)))))
45360 (1, ((2, (3, (4, 5))), (6, (7, (8, 9)))))
2835 (1, (((2, 3), (4, 5)), ((6, 7), (8, 9))))
22680 ((1, 2), (3, (4, (5, ((6, 7), (8, 9))))))
45360 ((1, 2), (3, ((4, 5), (6, (7, (8, 9))))))
11340 ((1, 2), ((3, 4), (5, ((6, 7), (8, 9)))))
11340 ((1, 2), ((3, (4, 5)), ((6, 7), (8, 9))))
22680 ((1, (2, 3)), (4, (5, ((6, 7), (8, 9)))))
45360 ((1, (2, 3)), ((4, 5), (6, (7, (8, 9)))))
22680 ((1, (2, (3, 4))), (5, ((6, 7), (8, 9))))
22680 ((1, (2, (3, (4, 5)))), ((6, 7), (8, 9)))
11340 (((1, 2), (3, 4)), ((5, 6), (7, (8, 9))))
x_{1}^{5}y_{3}
945 (1, ((2, 3), (4, 5), (6, 7), (8, 9)))
x_{3}y_{1}^{5}
945 (1, ((2, 3), (4, 5), (6, 7), (8, 9)))